# plotC1.dat
# Data file for GNUPLOT
# Test C. Distance from the camera
# - C.1. Speed
# nDst  	u-DLT   	m-DLT   	p-DLT   	1q-DLT  	3q-DLT  	mn-DLT  	mx-DLT  	SR-DLT  	u-EPN   	m-EPN   	p-EPN   	1q-EPN  	3q-EPN  	mn-EPN  	mx-EPN  	SR-EPN  	u-POS   	m-POS   	p-POS   	1q-POS  	3q-POS  	mn-POS  	mx-POS  	SR-POS  	u-OI    	m-OI    	p-OI    	1q-OI   	3q-OI   	mn-OI   	mx-OI   	SR-OI   	u-LM    	m-LM    	p-LM    	1q-LM   	3q-LM   	mn-LM   	mx-LM   	SR-LM   	
0.000000	0.062391	0.061000	0.005131	0.060000	0.064000	0.054000	0.070000	15.600000	0.061382	0.062000	0.007121	0.055000	0.065000	0.048000	0.080000	9.200000	0.032615	0.042000	0.016204	0.015000	0.047000	0.010000	0.082000	0.700000	0.139681	0.115000	0.077562	0.079000	0.189000	0.029000	0.344000	15.100000	0.122768	0.109000	0.069785	0.100000	0.120000	0.071000	0.148000	15.200000	
1.000000	0.062800	0.061000	0.019337	0.059000	0.064000	0.053000	0.071000	10.200000	0.061439	0.062000	0.007294	0.056000	0.065000	0.049000	0.078000	8.100000	0.032567	0.038500	0.016271	0.015000	0.047000	0.011000	0.082000	1.200000	0.137758	0.118000	0.074471	0.079000	0.184000	0.027000	0.335000	15.200000	0.118381	0.109000	0.057836	0.100000	0.121000	0.069000	0.152000	14.500000	
2.000000	0.062244	0.061000	0.005236	0.059000	0.064000	0.052000	0.071000	11.300000	0.061861	0.061000	0.017653	0.055000	0.065000	0.049000	0.080000	9.600000	0.031106	0.026000	0.016521	0.014000	0.047000	0.011000	0.079000	1.100000	0.138022	0.117500	0.072893	0.081000	0.180000	0.031000	0.328000	15.700000	0.115859	0.108000	0.052677	0.099000	0.119000	0.070000	0.148000	14.700000	
3.000000	0.062525	0.061000	0.015582	0.059000	0.064000	0.052000	0.071000	10.800000	0.061007	0.061000	0.016976	0.055000	0.065000	0.047000	0.080000	7.300000	0.029638	0.022000	0.016069	0.014000	0.047000	0.011000	0.068000	0.400000	0.136015	0.116000	0.074471	0.077000	0.180000	0.030000	0.334000	17.200000	0.112697	0.107000	0.040783	0.100000	0.118000	0.075000	0.144000	16.700000	
4.000000	0.062207	0.061000	0.005186	0.059000	0.064000	0.053000	0.071000	10.800000	0.060676	0.061000	0.007076	0.055000	0.065000	0.049000	0.080000	7.700000	0.028950	0.021000	0.016011	0.014000	0.047000	0.011000	0.077000	0.700000	0.134749	0.112500	0.075471	0.078000	0.173000	0.028000	0.314000	17.200000	0.115423	0.109000	0.047001	0.101000	0.119000	0.076000	0.145000	16.900000	
5.000000	0.061826	0.061000	0.004433	0.059000	0.064000	0.052000	0.071000	8.600000	0.061069	0.061000	0.007188	0.055000	0.065000	0.049000	0.080000	8.900000	0.028948	0.021000	0.015942	0.014000	0.047000	0.010000	0.074000	0.500000	0.134284	0.109000	0.075139	0.076000	0.179000	0.027000	0.331000	16.600000	0.111567	0.108000	0.038836	0.100000	0.117000	0.076000	0.142000	18.500000	
6.000000	0.063278	0.062000	0.006845	0.059000	0.064000	0.053000	0.071000	17.200000	0.062455	0.061000	0.011332	0.054000	0.065000	0.048000	0.081000	12.600000	0.029983	0.022000	0.017673	0.014000	0.047000	0.011000	0.096000	2.800000	0.134489	0.115000	0.071416	0.078000	0.179000	0.027000	0.326000	14.700000	0.116781	0.109000	0.047847	0.100000	0.121000	0.069000	0.152000	17.000000	
7.000000	0.062309	0.062000	0.004867	0.060000	0.064000	0.054000	0.070000	15.000000	0.060182	0.060000	0.007323	0.054000	0.064000	0.048000	0.079000	8.200000	0.027445	0.019000	0.015826	0.014000	0.047000	0.010000	0.076000	0.800000	0.137792	0.117500	0.075423	0.079000	0.186000	0.032000	0.345000	15.200000	0.111215	0.108000	0.037388	0.100000	0.118000	0.074000	0.143000	15.900000	
8.000000	0.062039	0.061000	0.004671	0.059000	0.064000	0.052000	0.071000	11.500000	0.060316	0.061000	0.007000	0.054000	0.064000	0.048000	0.079000	8.400000	0.026525	0.018000	0.015678	0.013000	0.046000	0.011000	0.091000	0.600000	0.133689	0.111000	0.077519	0.077000	0.173000	0.030000	0.315000	17.400000	0.108506	0.108000	0.021352	0.100000	0.117000	0.075000	0.142000	17.100000	
9.000000	0.062045	0.061000	0.004862	0.059000	0.064000	0.052000	0.071000	10.100000	0.059309	0.060000	0.006934	0.054000	0.063000	0.047000	0.076000	8.000000	0.025855	0.018000	0.015070	0.013000	0.045000	0.010000	0.065000	0.400000	0.132663	0.110000	0.071856	0.076000	0.180000	0.029000	0.333000	14.600000	0.109746	0.108000	0.028639	0.100000	0.118000	0.075000	0.144000	14.900000	
10.000000	0.062186	0.061000	0.005394	0.059000	0.064000	0.052000	0.071000	10.800000	0.059503	0.059000	0.007115	0.054000	0.064000	0.047000	0.078000	7.900000	0.025564	0.017000	0.022146	0.013000	0.045000	0.010000	0.091000	0.800000	0.135218	0.114000	0.071547	0.080000	0.184000	0.025000	0.321000	15.400000	0.110824	0.110000	0.025797	0.100000	0.120000	0.071000	0.148000	15.300000	
11.000000	0.062081	0.061000	0.005168	0.059000	0.064000	0.052000	0.071000	9.700000	0.059856	0.060000	0.006764	0.054000	0.064000	0.048000	0.079000	7.900000	0.025261	0.017000	0.015085	0.013000	0.045000	0.010000	0.066000	0.800000	0.132927	0.109000	0.073615	0.076000	0.178000	0.025000	0.330000	16.700000	0.109183	0.108000	0.023015	0.100000	0.117000	0.077000	0.142000	17.500000	
12.000000	0.063013	0.061000	0.018181	0.059000	0.064000	0.053000	0.071000	12.300000	0.060629	0.060000	0.010508	0.055000	0.064000	0.048000	0.077000	9.700000	0.023915	0.016000	0.014447	0.013000	0.037000	0.010000	0.065000	4.100000	0.132238	0.110000	0.073052	0.075000	0.174000	0.030000	0.319000	16.700000	0.110156	0.109000	0.022598	0.101000	0.120000	0.073000	0.148000	14.700000	
13.000000	0.062481	0.061000	0.015971	0.059000	0.064000	0.053000	0.071000	9.800000	0.060179	0.060000	0.009564	0.054000	0.064000	0.049000	0.079000	6.800000	0.022546	0.016000	0.013609	0.013000	0.027000	0.010000	0.048000	20.700000	0.130058	0.111000	0.068758	0.078000	0.166000	0.031000	0.297000	16.100000	0.108592	0.109000	0.018913	0.100000	0.118000	0.074000	0.144000	18.000000	
14.000000	0.062584	0.061500	0.005835	0.059000	0.064000	0.052000	0.071000	11.100000	0.059925	0.059000	0.007502	0.054000	0.064000	0.049000	0.079000	7.800000	0.022176	0.016000	0.013229	0.013000	0.026000	0.010000	0.045000	20.200000	0.129058	0.106000	0.072866	0.076000	0.165000	0.029000	0.297000	17.400000	0.109678	0.108000	0.025104	0.100000	0.119000	0.072000	0.147000	15.300000	
15.000000	0.061882	0.061000	0.005157	0.059000	0.063000	0.053000	0.069000	16.600000	0.059401	0.059000	0.007248	0.054000	0.064000	0.047000	0.079000	8.000000	0.021490	0.015000	0.013247	0.013000	0.023000	0.010000	0.038000	20.900000	0.129382	0.107000	0.072928	0.072000	0.172000	0.028000	0.315000	15.800000	0.108750	0.108000	0.017931	0.100000	0.118000	0.074000	0.144000	16.400000	
16.000000	0.062351	0.062000	0.004992	0.060000	0.064000	0.054000	0.070000	14.800000	0.060376	0.060000	0.018445	0.054000	0.064000	0.047000	0.079000	8.100000	0.021116	0.015000	0.012531	0.013000	0.024000	0.010000	0.040000	20.000000	0.130003	0.110000	0.069745	0.075000	0.167000	0.029000	0.305000	15.900000	0.109988	0.109000	0.023811	0.100000	0.120000	0.071000	0.149000	13.700000	
17.000000	0.062715	0.062000	0.015667	0.060000	0.064000	0.054000	0.070000	13.800000	0.059834	0.060000	0.006984	0.054000	0.064000	0.048000	0.079000	7.200000	0.019909	0.015000	0.011734	0.013000	0.020000	0.010000	0.030000	20.300000	0.131729	0.107000	0.074393	0.074000	0.173000	0.031000	0.321000	17.700000	0.109698	0.109000	0.019383	0.102000	0.119000	0.077000	0.144000	17.800000	
18.000000	0.062379	0.061000	0.005484	0.059000	0.064000	0.053000	0.071000	12.000000	0.060375	0.060000	0.008342	0.054000	0.064000	0.048000	0.079000	9.700000	0.019014	0.014000	0.010602	0.013000	0.021000	0.010000	0.033000	17.900000	0.130692	0.108000	0.072494	0.076000	0.169000	0.026000	0.306000	16.900000	0.111015	0.111000	0.023317	0.102000	0.121000	0.074000	0.148000	17.500000	
19.000000	0.062292	0.061000	0.005027	0.059000	0.064000	0.053000	0.071000	12.700000	0.059525	0.059000	0.007139	0.054000	0.064000	0.047000	0.079000	8.400000	0.018798	0.014000	0.017890	0.012000	0.019000	0.010000	0.029000	17.800000	0.129788	0.108000	0.068108	0.078000	0.167000	0.028000	0.300000	16.100000	0.110206	0.110000	0.025407	0.102000	0.119000	0.077000	0.144000	19.400000	
20.000000	0.062106	0.061000	0.004835	0.059000	0.064000	0.052000	0.071000	11.400000	0.060015	0.059000	0.023766	0.054000	0.064000	0.047000	0.079000	7.400000	0.017950	0.014000	0.010123	0.012000	0.018000	0.010000	0.026000	19.400000	0.126758	0.105000	0.069175	0.074000	0.161000	0.029000	0.286000	17.300000	0.110717	0.111000	0.024375	0.102000	0.120000	0.075000	0.147000	19.400000	
21.000000	0.062452	0.062000	0.004772	0.060000	0.064000	0.054000	0.070000	15.400000	0.059654	0.060000	0.006839	0.054000	0.064000	0.049000	0.079000	6.700000	0.017548	0.014000	0.009492	0.012000	0.018000	0.010000	0.026000	18.100000	0.124576	0.103000	0.068828	0.073000	0.162000	0.028000	0.293000	16.000000	0.111570	0.111000	0.030225	0.103000	0.121000	0.076000	0.147000	20.100000	
22.000000	0.062175	0.062000	0.004878	0.059000	0.064000	0.052000	0.071000	10.600000	0.059905	0.060000	0.006822	0.054000	0.064000	0.048000	0.079000	7.500000	0.016625	0.014000	0.008388	0.012000	0.017000	0.009000	0.024000	16.500000	0.128810	0.110000	0.069723	0.074000	0.164000	0.030000	0.295000	16.300000	0.110780	0.110000	0.029191	0.101000	0.119000	0.076000	0.145000	19.600000	
23.000000	0.062855	0.062000	0.015857	0.060000	0.064000	0.054000	0.070000	13.800000	0.059790	0.059000	0.016808	0.054000	0.064000	0.047000	0.079000	7.700000	0.016312	0.014000	0.008082	0.012000	0.017000	0.010000	0.024000	15.800000	0.126086	0.105000	0.067275	0.075000	0.163000	0.032000	0.292000	16.000000	0.111335	0.111000	0.020566	0.102000	0.121000	0.076000	0.149000	16.300000	
24.000000	0.062942	0.062000	0.016282	0.060000	0.064000	0.054000	0.070000	16.600000	0.060209	0.061000	0.007039	0.054000	0.064000	0.048000	0.079000	7.600000	0.016171	0.013000	0.007492	0.012000	0.017000	0.010000	0.024000	15.800000	0.128978	0.107000	0.071645	0.072000	0.171000	0.031000	0.308000	16.400000	0.110412	0.111000	0.024068	0.102000	0.120000	0.075000	0.147000	18.900000	
25.000000	0.064139	0.062000	0.007682	0.060000	0.065000	0.053000	0.072000	18.400000	0.063184	0.061000	0.012804	0.054000	0.065000	0.048000	0.081000	14.400000	0.016307	0.014000	0.008341	0.012000	0.017000	0.010000	0.024000	17.100000	0.128512	0.107500	0.074348	0.073000	0.163000	0.029000	0.298000	15.900000	0.118819	0.113000	0.036825	0.103000	0.126000	0.069000	0.160000	20.100000	
26.000000	0.064666	0.062000	0.007885	0.060000	0.065000	0.054000	0.072000	20.700000	0.064365	0.062000	0.014385	0.054000	0.066000	0.048000	0.084000	15.900000	0.016182	0.014000	0.007030	0.012000	0.017000	0.010000	0.024000	16.700000	0.133440	0.107500	0.081261	0.074000	0.173000	0.025000	0.320000	15.700000	0.120810	0.113000	0.037534	0.104000	0.127000	0.070000	0.161000	21.200000	
27.000000	0.063015	0.062000	0.005322	0.060000	0.064000	0.054000	0.070000	16.300000	0.060705	0.061000	0.007387	0.055000	0.065000	0.049000	0.080000	7.400000	0.015038	0.013000	0.006540	0.012000	0.015000	0.010000	0.019000	18.700000	0.124775	0.101500	0.072684	0.072000	0.159000	0.029000	0.289000	16.800000	0.113249	0.113000	0.020834	0.105000	0.124000	0.077000	0.152000	17.200000	
28.000000	0.062161	0.061000	0.005382	0.059000	0.063000	0.054000	0.069000	18.800000	0.059922	0.060000	0.007707	0.054000	0.064000	0.048000	0.079000	7.800000	0.014496	0.013000	0.005778	0.012000	0.015000	0.010000	0.019000	13.900000	0.125922	0.105000	0.068931	0.074000	0.162000	0.032000	0.292000	16.500000	0.114248	0.112000	0.042169	0.102000	0.123000	0.071000	0.154000	15.900000	
29.000000	0.062945	0.061000	0.016244	0.059000	0.064000	0.053000	0.071000	12.600000	0.060091	0.060000	0.007926	0.054000	0.064000	0.048000	0.079000	8.400000	0.014420	0.013000	0.005552	0.012000	0.015000	0.010000	0.019000	14.800000	0.123608	0.103500	0.066833	0.072000	0.162000	0.029000	0.293000	14.900000	0.113927	0.113000	0.027761	0.103000	0.124000	0.072000	0.155000	16.500000	
30.000000	0.061991	0.061000	0.004803	0.059000	0.064000	0.052000	0.071000	10.000000	0.060276	0.061000	0.007205	0.054000	0.064000	0.048000	0.077000	8.300000	0.014546	0.013000	0.005268	0.012000	0.015000	0.010000	0.019000	15.800000	0.124347	0.102000	0.066741	0.074000	0.161000	0.028000	0.286000	16.200000	0.112602	0.112000	0.035652	0.102000	0.123000	0.071000	0.154000	15.600000	
31.000000	0.062991	0.062000	0.015693	0.060000	0.064000	0.054000	0.070000	15.900000	0.060272	0.061000	0.007573	0.054000	0.064000	0.048000	0.078000	7.200000	0.014220	0.013000	0.004949	0.012000	0.015000	0.010000	0.019000	14.600000	0.127619	0.105000	0.069915	0.073000	0.164000	0.032000	0.297000	16.100000	0.111667	0.112000	0.025826	0.103000	0.123000	0.073000	0.153000	18.000000	
32.000000	0.062300	0.062000	0.004552	0.060000	0.064000	0.054000	0.070000	14.500000	0.061242	0.061000	0.017260	0.055000	0.064000	0.048000	0.077000	9.600000	0.014105	0.013000	0.004763	0.012000	0.014000	0.010000	0.017000	24.900000	0.125082	0.103500	0.068766	0.074000	0.157000	0.030000	0.281000	15.900000	0.113263	0.114000	0.021767	0.105000	0.124000	0.078000	0.151000	17.900000	
33.000000	0.062360	0.062000	0.005178	0.060000	0.064000	0.054000	0.070000	14.300000	0.060796	0.061000	0.018444	0.054000	0.064000	0.047000	0.079000	9.400000	0.013839	0.013000	0.004445	0.012000	0.014000	0.010000	0.017000	23.400000	0.124106	0.103000	0.067661	0.074000	0.156000	0.030000	0.279000	16.700000	0.113970	0.114000	0.021843	0.105000	0.125000	0.075000	0.154000	17.800000	
34.000000	0.063545	0.062000	0.017410	0.060000	0.064000	0.054000	0.070000	18.100000	0.060638	0.061000	0.008996	0.054000	0.064000	0.048000	0.079000	8.800000	0.014108	0.013000	0.005646	0.012000	0.014000	0.010000	0.017000	22.400000	0.127137	0.105000	0.072553	0.074000	0.162000	0.026000	0.294000	15.800000	0.117347	0.114000	0.041618	0.106000	0.125000	0.079000	0.153000	19.300000	
35.000000	0.062660	0.062000	0.005741	0.060000	0.064000	0.054000	0.070000	16.200000	0.060531	0.061000	0.008219	0.054000	0.064000	0.048000	0.079000	8.600000	0.013715	0.013000	0.004488	0.012000	0.014000	0.010000	0.017000	21.200000	0.122556	0.102000	0.066408	0.073000	0.153000	0.030000	0.271000	16.800000	0.117665	0.116000	0.038661	0.106000	0.127000	0.075000	0.158000	18.500000	
36.000000	0.063045	0.062000	0.016022	0.060000	0.064000	0.054000	0.070000	15.800000	0.060669	0.061000	0.007688	0.054000	0.064000	0.048000	0.079000	9.900000	0.013363	0.012000	0.003777	0.012000	0.014000	0.010000	0.017000	17.700000	0.123172	0.102000	0.067499	0.073000	0.155000	0.020000	0.278000	15.700000	0.116525	0.115000	0.029758	0.106000	0.126000	0.076000	0.156000	19.500000	
37.000000	0.062984	0.062000	0.005048	0.060000	0.064000	0.054000	0.070000	16.700000	0.061656	0.062000	0.008847	0.055000	0.065000	0.048000	0.080000	9.900000	0.013731	0.013000	0.004107	0.012000	0.014000	0.010000	0.017000	21.100000	0.129421	0.105000	0.077075	0.074000	0.166000	0.027000	0.304000	16.700000	0.115617	0.114000	0.030057	0.105000	0.125000	0.075000	0.155000	20.800000	
38.000000	0.064667	0.063000	0.007148	0.061000	0.065000	0.055000	0.071000	20.300000	0.064898	0.063000	0.013221	0.056000	0.066000	0.048000	0.081000	15.500000	0.013939	0.013000	0.003886	0.012000	0.014000	0.010000	0.017000	23.800000	0.129764	0.108000	0.074035	0.076000	0.166000	0.028000	0.300000	15.800000	0.122791	0.117000	0.038309	0.106000	0.131000	0.070000	0.167000	18.400000	
39.000000	0.065772	0.063000	0.011803	0.061000	0.066000	0.054000	0.073000	19.800000	0.066247	0.063000	0.014846	0.056000	0.067000	0.049000	0.083000	18.000000	0.014568	0.013000	0.004638	0.012000	0.015000	0.010000	0.019000	19.200000	0.140425	0.116500	0.081501	0.079000	0.182000	0.028000	0.331000	15.800000	0.126666	0.117000	0.045787	0.107000	0.134000	0.067000	0.173000	20.900000	
40.000000	0.063623	0.062000	0.005615	0.060000	0.065000	0.054000	0.072000	13.400000	0.062933	0.063000	0.009712	0.055000	0.065000	0.050000	0.080000	12.000000	0.013686	0.013000	0.004108	0.012000	0.014000	0.010000	0.017000	19.900000	0.130130	0.106000	0.075623	0.075000	0.169000	0.028000	0.304000	15.700000	0.119600	0.116000	0.040823	0.107000	0.128000	0.076000	0.159000	20.400000	
41.000000	0.063396	0.062000	0.022404	0.059000	0.064000	0.053000	0.071000	12.000000	0.060466	0.061000	0.006938	0.054000	0.064000	0.048000	0.079000	9.000000	0.012991	0.012000	0.003728	0.011000	0.013000	0.010000	0.016000	23.000000	0.124444	0.102500	0.069644	0.071000	0.159000	0.033000	0.285000	18.300000	0.117038	0.116000	0.032085	0.107000	0.127000	0.077000	0.157000	19.100000	
42.000000	0.062232	0.061000	0.004843	0.060000	0.064000	0.054000	0.070000	13.400000	0.060984	0.062000	0.007862	0.054000	0.064000	0.048000	0.079000	10.800000	0.013004	0.012000	0.003330	0.012000	0.013000	0.011000	0.014000	24.100000	0.125293	0.105500	0.069024	0.073000	0.161000	0.026000	0.293000	15.300000	0.116663	0.115000	0.034861	0.106000	0.126000	0.076000	0.156000	19.900000	
43.000000	0.061983	0.061000	0.004901	0.059000	0.063000	0.053000	0.069000	18.900000	0.060025	0.061000	0.006851	0.054000	0.063000	0.048000	0.076000	9.300000	0.012521	0.012000	0.002865	0.011000	0.013000	0.009000	0.016000	17.700000	0.118896	0.099000	0.066084	0.069000	0.148000	0.028000	0.266000	15.700000	0.117541	0.114000	0.044717	0.106000	0.126000	0.076000	0.155000	19.900000	
44.000000	0.062482	0.062000	0.004967	0.060000	0.064000	0.054000	0.070000	15.000000	0.061204	0.062000	0.007541	0.055000	0.064000	0.049000	0.077000	10.200000	0.013097	0.012000	0.003940	0.012000	0.013000	0.011000	0.014000	25.300000	0.123300	0.100500	0.071357	0.071000	0.153000	0.031000	0.276000	17.100000	0.118151	0.117000	0.032357	0.107000	0.128000	0.076000	0.159000	21.200000	
45.000000	0.062516	0.062000	0.005770	0.059000	0.064000	0.052000	0.071000	11.900000	0.060800	0.061000	0.007784	0.055000	0.064000	0.046000	0.076000	8.500000	0.012764	0.012000	0.002876	0.011000	0.013000	0.009000	0.016000	19.600000	0.125587	0.102000	0.070039	0.072000	0.166000	0.032000	0.306000	15.900000	0.117721	0.116000	0.041425	0.105000	0.128000	0.071000	0.162000	18.500000	
46.000000	0.062934	0.062000	0.005562	0.060000	0.064000	0.054000	0.070000	16.300000	0.061795	0.063000	0.007308	0.056000	0.065000	0.049000	0.078000	8.800000	0.012762	0.012000	0.002765	0.012000	0.013000	0.011000	0.014000	21.800000	0.127464	0.103000	0.070339	0.073000	0.167000	0.033000	0.305000	16.200000	0.120108	0.117000	0.041050	0.108000	0.130000	0.076000	0.163000	17.600000	
47.000000	0.063352	0.062000	0.022104	0.060000	0.064000	0.054000	0.070000	16.700000	0.060936	0.062000	0.007487	0.055000	0.064000	0.046000	0.077000	8.300000	0.012551	0.012000	0.002838	0.011000	0.013000	0.010000	0.016000	16.400000	0.127621	0.106000	0.068975	0.075000	0.166000	0.027000	0.295000	16.200000	0.117768	0.116000	0.037035	0.107000	0.129000	0.074000	0.162000	19.000000	
48.000000	0.062293	0.062000	0.004892	0.060000	0.064000	0.054000	0.070000	14.200000	0.060958	0.062000	0.007324	0.055000	0.064000	0.049000	0.077000	8.100000	0.012523	0.012000	0.003150	0.011000	0.013000	0.009000	0.016000	13.400000	0.119948	0.104000	0.064758	0.071000	0.150000	0.024000	0.268000	14.900000	0.118443	0.117000	0.040175	0.107000	0.128000	0.076000	0.159000	21.300000	
49.000000	0.062531	0.062000	0.005472	0.060000	0.064000	0.054000	0.070000	15.300000	0.061726	0.062000	0.007804	0.056000	0.065000	0.048000	0.078000	9.600000	0.012483	0.012000	0.002857	0.011000	0.013000	0.009000	0.016000	14.600000	0.122324	0.102000	0.067086	0.072000	0.157000	0.030000	0.283000	15.100000	0.121764	0.118000	0.050587	0.107000	0.129000	0.074000	0.162000	19.600000	
50.000000	0.062171	0.062000	0.004943	0.059000	0.064000	0.053000	0.071000	10.200000	0.061361	0.062000	0.016102	0.055000	0.064000	0.047000	0.077000	8.800000	0.012611	0.012000	0.003361	0.011000	0.013000	0.009000	0.016000	13.300000	0.121942	0.102000	0.066257	0.073000	0.152000	0.027000	0.270000	16.800000	0.119478	0.118000	0.039546	0.107000	0.129000	0.074000	0.162000	18.000000	
