# plotA2a.dat
# Data file for GNUPLOT
# Test A. No. of points
# - A.2. Speed (nPts = 6-150, var = 5, outliers = 0 %)
# - A.2.a. Rotation Error (degrees)
# nPts  	u-DLT   	m-DLT   	p-DLT   	1q-DLT  	3q-DLT  	mn-DLT  	mx-DLT  	SR-DLT  	u-EPN   	m-EPN   	p-EPN   	1q-EPN  	3q-EPN  	mn-EPN  	mx-EPN  	SR-EPN  	u-POS   	m-POS   	p-POS   	1q-POS  	3q-POS  	mn-POS  	mx-POS  	SR-POS  	u-OI    	m-OI    	p-OI    	1q-OI   	3q-OI   	mn-OI   	mx-OI   	SR-OI   	u-LM    	m-LM    	p-LM    	1q-LM   	3q-LM   	mn-LM   	mx-LM   	SR-LM   	
6.000000	26.209518	17.583012	27.295820	7.819382	35.189202	0.120583	76.141229	12.040000	22.020890	10.265284	36.674153	4.992619	20.620750	0.089788	43.973539	16.720000	21.827360	6.587840	38.831397	4.067992	13.407945	0.414005	27.307164	19.980000	4.384416	2.714417	10.761090	1.602572	4.194130	0.041823	8.069296	13.360000	4.297676	2.532450	13.329955	1.510090	3.991151	0.024433	7.696530	12.940000	
7.000000	16.049164	10.667481	16.328107	4.675632	21.649859	0.059940	47.022738	14.620000	15.350530	7.362430	28.839561	3.571689	15.046713	0.058647	32.204789	16.180000	19.691566	5.454310	38.329938	3.445392	10.268285	0.223217	20.288379	19.020000	3.162015	2.293704	7.160598	1.401494	3.491434	0.051868	6.622273	13.160000	2.849414	2.123058	6.815859	1.324253	3.269170	0.019186	6.181434	13.260000	
8.000000	11.428129	7.671712	11.656081	3.459907	15.081877	0.115223	32.512522	15.120000	12.510989	6.146260	26.137182	2.824973	11.747222	0.129940	25.091691	15.880000	17.667909	4.314207	36.656000	2.755483	7.697934	0.239308	15.084516	19.020000	2.633607	1.941012	6.926551	1.161051	2.908362	0.038859	5.511516	12.640000	2.484773	1.794600	7.778786	1.066104	2.759433	0.026331	5.295830	12.380000	
9.000000	9.447028	6.175975	9.913058	2.710391	12.644777	0.115530	27.479666	14.460000	10.350275	4.955633	22.772892	2.400247	10.151923	0.051837	21.767258	15.800000	16.531221	3.789644	36.125569	2.484468	6.583707	0.266152	12.631698	18.580000	2.230528	1.759068	5.012809	1.078244	2.665113	0.082865	5.043684	13.040000	2.110315	1.612372	6.276331	0.976791	2.500389	0.014166	4.776262	12.980000	
10.000000	7.530129	4.891614	8.148870	2.244405	9.763885	0.045940	20.979629	15.060000	8.116657	4.322086	17.490821	2.074511	8.392110	0.085928	17.864654	15.540000	17.019729	3.443913	37.428385	2.171045	5.919657	0.285498	11.277098	18.540000	1.984648	1.626814	3.517237	0.995394	2.488982	0.073942	4.724347	12.460000	1.937865	1.495768	5.546159	0.909957	2.321367	0.010592	4.435387	12.780000	
11.000000	6.895668	4.573674	7.163858	2.167356	8.816820	0.049926	18.774962	16.020000	8.131846	4.205345	19.139290	2.074182	8.108098	0.067414	17.152459	15.920000	15.761967	3.356739	35.283546	2.207210	5.495066	0.137656	10.367173	18.220000	2.053891	1.616653	5.355423	0.986621	2.468254	0.072281	4.668532	12.760000	1.903940	1.497054	5.255505	0.912207	2.308927	0.007777	4.399590	12.460000	
12.000000	7.065042	4.758085	7.237081	2.125350	9.429275	0.027096	20.369345	15.140000	9.831174	4.446118	23.594348	2.090290	9.143711	0.045774	19.720694	15.560000	16.667375	3.565044	36.620312	2.359916	5.882933	0.059312	11.059204	18.400000	1.964345	1.727945	2.109206	1.057503	2.537359	0.051676	4.754861	12.240000	1.987776	1.565407	5.612924	0.947812	2.386703	0.011509	4.509681	11.080000	
13.000000	6.374211	4.236692	6.493599	2.000154	8.461671	0.058957	18.140801	15.340000	8.715624	4.144357	21.177912	1.956137	8.236258	0.115018	17.656185	16.180000	16.138204	3.386500	35.482415	2.239301	5.360441	0.286007	10.002839	18.260000	1.964570	1.656328	3.255500	1.030744	2.467628	0.044599	4.621490	12.160000	1.991780	1.529992	5.956671	0.926286	2.296117	0.010992	4.333505	11.860000	
14.000000	5.747629	3.912530	5.707799	1.875399	7.692394	0.066627	16.394152	14.960000	7.701696	3.885077	18.546039	1.874452	7.742169	0.089373	16.531396	15.800000	15.975397	3.117145	36.265132	2.098676	4.971604	0.316378	9.245062	18.020000	1.872692	1.568911	4.323536	0.959908	2.340281	0.033624	4.403447	11.220000	1.837370	1.403298	5.896813	0.854564	2.135148	0.011403	4.053298	11.460000	
15.000000	5.085418	3.419554	5.061556	1.644923	6.750992	0.055612	14.392708	15.360000	6.511099	3.459715	14.518608	1.642239	6.910538	0.067555	14.809349	16.020000	16.131375	2.855838	36.664742	1.957189	4.582147	0.205157	8.447415	18.300000	1.692292	1.439436	2.687037	0.890380	2.147859	0.049787	4.025138	11.840000	1.738696	1.325592	6.361120	0.803557	1.977278	0.006845	3.737392	12.160000	
16.000000	4.682096	3.216452	4.644535	1.491048	6.251549	0.042365	13.374801	15.240000	6.530238	3.237526	17.071527	1.501760	6.522915	0.022325	14.013460	15.840000	15.718530	2.736549	36.240918	1.815653	4.332463	0.259100	8.096619	18.200000	1.732705	1.369631	5.373821	0.850814	2.036296	0.048228	3.810856	12.520000	1.732194	1.241253	6.581432	0.751412	1.871258	0.002959	3.541238	11.920000	
17.000000	4.181424	2.848136	4.194621	1.361495	5.589417	0.038938	11.925867	14.780000	5.824168	2.904146	15.862560	1.386360	5.935408	0.087164	12.719456	15.320000	15.505787	2.524057	36.125929	1.707730	3.996875	0.138360	7.403507	18.500000	1.552069	1.294394	3.628323	0.801627	1.932748	0.052645	3.626316	11.300000	1.589363	1.178364	6.404161	0.700494	1.770010	0.005446	3.373842	11.680000	
18.000000	3.904509	2.705940	3.908133	1.272027	5.239986	0.069649	11.188949	14.620000	5.338737	2.746767	14.052143	1.264453	5.754125	0.042516	12.473609	15.080000	15.645316	2.425036	35.776137	1.617333	3.935680	0.116961	7.373414	18.820000	1.512181	1.196317	4.548961	0.740582	1.828075	0.037037	3.455498	11.800000	1.453311	1.096822	5.581509	0.648382	1.663333	0.006812	3.176226	11.320000	
19.000000	3.972593	2.770468	3.859149	1.307189	5.403842	0.047599	11.527966	14.080000	5.486510	2.958086	13.561249	1.346868	5.864574	0.025310	12.604837	15.940000	15.458075	2.461418	36.299540	1.624488	3.906339	0.185545	7.220076	17.760000	1.474680	1.264519	2.335067	0.775656	1.899630	0.033042	3.580587	11.980000	1.395348	1.137160	3.977895	0.684681	1.736219	0.007589	3.303999	12.040000	
20.000000	3.815783	2.634965	3.755970	1.257527	5.092760	0.054239	10.833505	14.920000	5.405968	2.855928	13.872990	1.299345	5.674704	0.043485	12.215567	15.880000	14.905828	2.339793	35.007432	1.574267	3.738707	0.211342	6.948433	17.740000	1.425333	1.221157	2.323530	0.757871	1.830101	0.049423	3.431878	12.200000	1.504686	1.097215	6.374616	0.649281	1.661288	0.006726	3.163220	12.140000	
21.000000	3.595379	2.535281	3.396464	1.217872	4.902034	0.035626	10.420808	14.960000	5.079513	2.753944	12.500977	1.278917	5.595064	0.054840	12.062607	15.520000	14.883747	2.286967	35.688618	1.540642	3.582973	0.163681	6.591509	17.560000	1.572713	1.200809	5.541663	0.745119	1.787825	0.038519	3.349843	11.840000	1.486811	1.081233	6.320580	0.635844	1.624794	0.012071	3.106249	11.060000	
22.000000	3.299631	2.354793	3.056832	1.136404	4.460902	0.026139	9.425908	14.900000	4.650032	2.559509	12.275004	1.214108	4.990085	0.062570	10.646034	15.340000	15.610249	2.163078	36.733064	1.451086	3.428263	0.182627	6.371445	17.980000	1.301046	1.098601	2.618640	0.674792	1.640443	0.032625	3.080550	11.920000	1.234352	0.985759	3.811704	0.581877	1.510543	0.005967	2.891450	11.720000	
23.000000	3.130482	2.162022	3.026153	1.018935	4.247047	0.052403	9.082409	14.420000	4.524540	2.406249	11.628313	1.100774	5.002634	0.047636	10.855350	15.200000	16.239491	2.102167	37.611151	1.417000	3.437150	0.142905	6.443895	18.380000	1.321414	1.072522	4.235672	0.654042	1.575537	0.023801	2.951180	11.640000	1.384114	0.954118	6.962579	0.555840	1.446464	0.002199	2.776753	12.000000	
24.000000	3.124701	2.212170	2.926936	1.089818	4.246547	0.016896	8.976166	14.760000	4.615113	2.476676	12.487380	1.191207	4.982056	0.038595	10.665430	14.960000	15.253510	2.068779	35.794877	1.398038	3.292886	0.126392	6.105067	18.580000	1.404703	1.100626	5.037561	0.692013	1.618476	0.032719	2.998034	12.220000	1.459434	0.994848	7.199271	0.595336	1.491355	0.002234	2.827973	11.840000	
25.000000	3.044588	2.120297	2.864142	1.027650	4.165948	0.053519	8.857019	14.520000	4.749314	2.416875	13.815526	1.133544	4.907081	0.066479	10.559855	15.440000	15.666843	2.071819	36.625675	1.387108	3.270786	0.194188	6.033399	18.480000	1.305389	1.053197	4.203648	0.651708	1.577050	0.049430	2.944810	12.360000	1.402523	0.931720	6.915218	0.558054	1.448999	0.003274	2.782163	11.760000	
26.000000	2.928014	2.040645	2.774412	0.991092	3.964875	0.054996	8.392235	14.520000	4.569570	2.395339	12.273360	1.121984	5.003235	0.041280	10.815925	15.160000	15.115232	1.978556	36.115233	1.324543	3.105451	0.159337	5.660820	18.080000	1.349972	1.037741	4.897089	0.636291	1.530487	0.027670	2.867054	12.260000	1.364981	0.931992	6.409225	0.551255	1.417643	0.001117	2.715039	11.460000	
27.000000	2.785553	1.903879	2.695445	0.905856	3.763477	0.044411	8.048400	15.240000	4.234167	2.224472	11.683370	1.001413	4.625334	0.042807	10.049084	15.580000	16.745287	1.947948	38.390590	1.291828	3.177922	0.199056	5.849482	19.220000	1.279980	0.991234	4.737454	0.602967	1.470116	0.029349	2.769761	11.940000	1.529930	0.893611	8.969663	0.519098	1.350634	0.002502	2.594183	12.000000	
28.000000	2.740054	1.927441	2.600670	0.929787	3.674449	0.034149	7.790423	14.680000	4.188978	2.287922	11.057376	1.025739	4.583843	0.017252	9.916133	15.660000	15.403568	1.869004	36.952126	1.246662	2.945795	0.139471	5.452202	18.420000	1.233844	0.957244	4.761780	0.591694	1.420643	0.044237	2.661043	12.500000	1.286177	0.862959	6.391614	0.498687	1.309113	0.002101	2.523453	11.960000	
29.000000	2.584543	1.855307	2.373208	0.876832	3.558024	0.025967	7.566856	13.880000	3.812998	2.133303	9.145875	0.992818	4.316347	0.024088	9.286132	15.760000	15.696576	1.793185	36.985736	1.201221	2.897713	0.170156	5.275788	18.500000	1.170443	0.941837	3.830646	0.574752	1.404364	0.034259	2.645219	11.700000	1.320213	0.846867	7.368528	0.495299	1.273402	0.001417	2.440269	12.000000	
30.000000	2.578619	1.853176	2.387880	0.880809	3.548665	0.023240	7.545128	13.500000	3.846109	2.225264	9.144581	1.003799	4.373600	0.042449	9.417714	15.740000	15.528914	1.776413	37.121716	1.197241	2.799279	0.166997	5.160056	18.200000	1.242240	0.914807	5.370290	0.577337	1.405936	0.032545	2.645898	11.300000	1.374856	0.829877	7.811514	0.485104	1.272798	0.002683	2.451305	11.700000	
31.000000	2.450496	1.722466	2.303148	0.837804	3.338063	0.031517	7.080883	14.860000	3.645361	2.095230	8.667194	0.915759	4.388273	0.048406	9.594076	14.980000	15.602982	1.736626	36.825993	1.176967	2.854490	0.116847	5.322879	18.240000	1.227789	0.891728	5.741067	0.545819	1.337592	0.023540	2.523169	11.880000	1.295763	0.807124	7.259559	0.451578	1.226877	0.001432	2.381884	11.580000	
32.000000	2.406837	1.735379	2.215780	0.832315	3.291214	0.033815	6.978376	13.900000	3.858441	2.080905	11.050653	0.936358	4.216426	0.015229	9.135978	14.840000	15.590680	1.681174	36.716956	1.123907	2.763263	0.142304	5.066475	18.640000	1.122714	0.839745	4.476547	0.534918	1.291185	0.023492	2.425146	12.540000	1.153169	0.767989	6.131848	0.447392	1.191760	0.002138	2.306881	11.340000	
33.000000	2.270075	1.604827	2.136277	0.775137	3.089708	0.021030	6.557249	14.480000	3.321672	1.959274	7.612198	0.910039	3.999916	0.020676	8.609084	15.020000	16.241195	1.650840	37.290765	1.107457	2.735420	0.185195	5.149279	19.440000	1.146671	0.830916	5.535266	0.510903	1.243524	0.015537	2.341672	12.840000	1.214698	0.738940	6.983283	0.431889	1.145852	0.002058	2.215552	11.720000	
34.000000	2.270300	1.617412	2.105738	0.769822	3.104349	0.018821	6.597821	14.240000	3.532870	1.934565	9.869080	0.874493	3.958116	0.018763	8.559455	15.860000	15.501494	1.576022	36.728235	1.053296	2.535146	0.095945	4.650338	19.300000	1.090415	0.819324	4.939545	0.512630	1.221355	0.005605	2.282886	12.160000	1.147731	0.741932	6.262201	0.422908	1.127605	0.001135	2.184387	11.400000	
35.000000	2.235783	1.621942	2.034549	0.777734	3.063866	0.025892	6.492688	14.640000	3.653764	1.969685	10.756852	0.893494	4.008266	0.051515	8.670499	15.200000	15.995047	1.641594	37.385925	1.091231	2.645447	0.102711	4.938886	18.820000	1.047092	0.817243	3.384482	0.500900	1.234471	0.026498	2.334301	12.240000	1.209187	0.734513	7.350563	0.422126	1.132663	0.000613	2.188957	11.760000	
36.000000	2.208471	1.563887	2.099223	0.759703	2.957821	0.024866	6.243148	15.460000	3.706080	1.999344	10.800288	0.907416	4.032173	0.031591	8.712959	15.440000	14.818484	1.551932	35.970436	1.040524	2.449093	0.145642	4.507170	18.460000	1.174559	0.800353	5.751170	0.500119	1.217629	0.029729	2.291667	11.740000	1.512847	0.728636	9.670424	0.430105	1.118405	0.004441	2.145927	12.020000	
37.000000	2.130244	1.552394	1.951454	0.748627	2.899509	0.025761	6.125022	14.260000	3.475266	1.893116	10.139770	0.885085	3.877243	0.028650	8.352638	15.020000	14.507339	1.513767	35.409658	1.018651	2.433825	0.139492	4.520962	17.960000	0.945789	0.794116	2.248444	0.501166	1.191827	0.035389	2.223151	11.900000	1.174249	0.716954	7.056212	0.413338	1.088385	0.001986	2.094887	12.260000	
38.000000	2.061206	1.504543	1.843793	0.733403	2.848847	0.029243	5.999131	14.380000	3.264777	1.886727	9.517863	0.827363	3.646871	0.036360	7.860014	14.720000	15.717056	1.516050	37.463209	1.018719	2.414416	0.163265	4.424583	18.760000	0.978368	0.781687	3.926478	0.479896	1.146095	0.026528	2.144467	13.280000	1.181811	0.707218	7.420873	0.410810	1.072261	0.002679	2.062524	11.960000	
39.000000	2.036546	1.445640	1.893196	0.720843	2.784464	0.041811	5.875422	14.280000	3.390697	1.825853	9.889718	0.799412	3.756977	0.054754	8.188122	15.460000	15.663540	1.479819	37.074410	0.983182	2.401958	0.152931	4.526042	19.400000	0.989051	0.757182	4.757720	0.461945	1.125864	0.022176	2.121482	12.420000	1.204015	0.678575	7.989785	0.395748	1.030378	0.001610	1.982103	11.980000	
40.000000	1.990064	1.434641	1.823163	0.693172	2.744667	0.019516	5.816999	14.140000	2.947485	1.795818	5.979616	0.802457	3.657450	0.006143	7.933298	15.500000	15.394444	1.430857	37.016597	0.959698	2.333884	0.083169	4.389715	18.640000	0.929005	0.746953	3.364351	0.460804	1.113989	0.029233	2.081343	12.560000	0.991855	0.677960	4.986095	0.398851	1.027484	0.001223	1.969929	12.220000	
41.000000	2.009664	1.420935	1.859249	0.712403	2.719778	0.007911	5.726551	14.800000	3.185805	1.825855	8.055859	0.829746	3.768847	0.021120	8.159419	15.120000	15.061106	1.452381	36.402879	0.987526	2.314775	0.052078	4.264559	18.820000	0.932117	0.752307	3.382258	0.464062	1.121831	0.034340	2.107863	12.000000	1.082229	0.677543	6.553059	0.392961	1.036445	0.000798	1.999786	11.700000	
42.000000	1.997243	1.435794	1.833165	0.683692	2.720708	0.020480	5.770099	14.880000	3.182809	1.801620	7.937358	0.834481	3.720081	0.026422	8.044335	15.260000	16.180587	1.473633	38.041584	0.998674	2.430542	0.077296	4.568678	19.140000	1.070007	0.744411	5.734695	0.453691	1.123406	0.032524	2.124612	11.760000	1.329138	0.663830	9.145352	0.392800	1.039031	0.000479	1.995353	11.560000	
43.000000	1.947913	1.381191	1.776916	0.681544	2.649923	0.033102	5.594943	14.700000	3.291661	1.810473	9.076509	0.798492	3.740243	0.030435	8.143907	15.340000	15.054947	1.425184	35.984673	0.991221	2.328743	0.116130	4.312416	18.860000	0.936618	0.760189	2.869394	0.469688	1.113743	0.021916	2.076379	12.380000	1.067366	0.679854	6.337728	0.392259	1.045174	0.000808	2.023317	11.360000	
44.000000	1.946450	1.395447	1.781854	0.683489	2.664543	0.004029	5.631436	14.780000	3.391015	1.832190	10.431175	0.825390	3.671293	0.009606	7.938423	15.520000	15.705093	1.407358	37.549308	0.943216	2.311391	0.109827	4.325602	19.080000	1.092670	0.731536	6.161857	0.452494	1.103132	0.029497	2.076086	11.940000	1.128413	0.661948	7.279296	0.373430	1.027117	0.000524	2.007372	10.980000	
45.000000	1.893982	1.341885	1.765584	0.646157	2.591964	0.017678	5.507915	14.080000	3.048649	1.764016	8.065933	0.770474	3.517807	0.035139	7.599016	15.460000	16.251390	1.409785	37.401051	0.928070	2.384238	0.129329	4.413040	19.480000	1.062565	0.707265	5.983788	0.435181	1.077488	0.028430	2.033815	12.480000	1.085345	0.632769	6.648505	0.367859	0.987008	0.000686	1.914515	12.580000	
46.000000	1.917192	1.390185	1.754033	0.674268	2.589411	0.028556	5.460915	14.380000	3.371275	1.849782	9.850116	0.823186	3.721181	0.050303	8.031671	16.040000	15.159043	1.385253	36.213203	0.924892	2.250743	0.100984	4.036858	18.900000	0.920542	0.723355	3.979348	0.452180	1.071112	0.022518	1.993063	12.480000	1.333765	0.645555	9.131847	0.371086	0.985111	0.000511	1.905662	12.360000	
47.000000	1.894448	1.342684	1.765870	0.647619	2.527197	0.018062	5.343859	15.000000	3.297820	1.817720	9.705745	0.803711	3.683849	0.027733	7.998963	15.060000	15.600820	1.398021	36.790716	0.923705	2.305735	0.119344	4.324814	18.640000	0.916880	0.709069	4.033102	0.440094	1.079776	0.007626	2.028336	12.080000	1.212156	0.638637	7.830589	0.372911	0.984670	0.000311	1.902291	12.920000	
48.000000	1.880133	1.348406	1.687962	0.657620	2.604375	0.038809	5.523888	13.860000	3.281623	1.809752	9.555207	0.804431	3.723743	0.036253	8.090505	15.040000	14.697660	1.350944	35.950199	0.903774	2.158304	0.134994	3.956213	18.200000	0.978187	0.710543	5.013684	0.431047	1.074240	0.029737	2.039005	11.840000	1.138250	0.635053	7.209907	0.370613	0.993865	0.001784	1.928355	12.020000	
49.000000	1.825781	1.327517	1.659792	0.655101	2.476194	0.043514	5.190051	14.540000	3.453887	1.749453	10.809676	0.785738	3.784657	0.041769	8.263276	14.720000	15.067938	1.350932	35.883103	0.920131	2.183337	0.085779	4.065919	19.000000	0.862528	0.704912	3.107031	0.437534	1.063126	0.038320	1.997632	11.780000	1.038207	0.632404	6.579190	0.366075	0.968946	0.001403	1.871212	11.620000	
50.000000	1.834462	1.311643	1.724974	0.633550	2.488235	0.026613	5.268324	14.660000	3.491831	1.797255	11.113439	0.754539	3.697149	0.035001	8.080171	15.620000	14.877254	1.359811	36.447470	0.889324	2.159745	0.088478	4.036816	18.440000	0.969356	0.700712	5.057761	0.427999	1.055429	0.027935	1.994786	12.620000	1.128174	0.638323	7.745227	0.356830	0.977146	0.001427	1.897849	12.120000	
