# plotC2a.dat
# Data file for GNUPLOT
# Test C. Distance from the camera
# - C.2. Accuracy
# - C.2.a. Rotation Error (degrees)
# nDst  	u-DLT   	m-DLT   	p-DLT   	1q-DLT  	3q-DLT  	mn-DLT  	mx-DLT  	SR-DLT  	u-EPN   	m-EPN   	p-EPN   	1q-EPN  	3q-EPN  	mn-EPN  	mx-EPN  	SR-EPN  	u-POS   	m-POS   	p-POS   	1q-POS  	3q-POS  	mn-POS  	mx-POS  	SR-POS  	u-OI    	m-OI    	p-OI    	1q-OI   	3q-OI   	mn-OI   	mx-OI   	SR-OI   	u-LM    	m-LM    	p-LM    	1q-LM   	3q-LM   	mn-LM   	mx-LM   	SR-LM   	
0.000000	6.866224	2.411138	16.425985	0.894573	6.324181	0.037474	14.364533	19.100000	2.653540	1.166893	10.499639	0.570793	2.267610	0.020827	4.808718	15.500000	48.257607	4.236480	60.072830	1.012407	89.486435	0.126634	179.999190	14.200000	8.512261	0.372919	33.878540	0.211161	0.612631	0.015182	1.192273	14.100000	3.735155	0.299499	22.288904	0.174817	0.506861	0.001904	1.004556	14.400000	
1.000000	7.328374	2.370672	18.144097	0.874833	6.478917	0.038680	14.615377	17.900000	2.381864	1.259876	8.780329	0.600823	2.273013	0.054530	4.778261	15.700000	48.017864	3.830225	60.377218	0.997515	90.958262	0.141824	179.999190	13.500000	8.110443	0.379231	33.610794	0.223426	0.625937	0.019740	1.220286	14.600000	2.265664	0.312392	16.255708	0.175977	0.532198	0.001121	1.054194	12.300000	
2.000000	7.266242	2.459134	17.906753	0.913460	6.571317	0.045642	15.032164	17.300000	2.343705	1.254571	8.271969	0.587629	2.366922	0.052209	5.024277	15.800000	45.349442	2.389725	60.065194	0.950100	89.593213	0.103148	179.999190	13.900000	6.662687	0.380600	29.779652	0.219009	0.619397	0.018662	1.218358	13.900000	1.989099	0.318033	14.163018	0.183635	0.529801	0.007066	1.040900	13.300000	
3.000000	8.467058	3.269400	19.242284	1.308086	7.723254	0.078354	17.247850	16.900000	2.494162	1.387974	9.055027	0.680764	2.620209	0.044132	5.422028	13.400000	39.446578	2.016565	56.484320	0.933145	72.656887	0.169175	179.999190	16.100000	4.799692	0.412077	24.395427	0.244501	0.663840	0.029297	1.279322	13.200000	1.424487	0.352181	12.384051	0.208580	0.585672	0.007224	1.150948	12.800000	
4.000000	9.729926	3.122888	23.109636	1.176645	8.425281	0.032856	19.210031	17.400000	2.655459	1.428238	9.233172	0.684087	2.694539	0.026813	5.656426	13.300000	38.180723	1.877849	57.125521	0.918193	67.591891	0.129441	167.086165	18.200000	4.145787	0.433314	21.953076	0.246434	0.664223	0.026053	1.290293	13.300000	1.609602	0.378152	12.643378	0.211161	0.596881	0.011457	1.170591	13.000000	
5.000000	9.555965	3.165198	21.963214	1.156041	8.839046	0.038765	20.346772	16.600000	2.290344	1.510309	2.886505	0.709694	2.823915	0.012445	5.986725	16.400000	36.760993	1.891933	55.336700	0.899240	63.937241	0.137900	158.017731	18.200000	5.343237	0.429291	25.596778	0.257590	0.660774	0.029366	1.262704	12.600000	0.833645	0.365179	6.761775	0.228091	0.574116	0.013989	1.081120	13.100000	
6.000000	9.472500	3.453327	22.625303	1.343801	8.900463	0.038778	20.080982	16.700000	2.525484	1.541909	7.264655	0.756242	2.804433	0.041308	5.810327	15.100000	34.065760	1.766167	52.396933	0.889908	57.249237	0.092624	141.648530	18.300000	2.986915	0.420883	18.458954	0.249760	0.692654	0.033696	1.355071	13.500000	1.550083	0.378530	12.684116	0.238711	0.625644	0.009871	1.198594	13.200000	
7.000000	9.784144	3.501467	22.657659	1.431171	8.768850	0.040448	19.616086	17.300000	2.457589	1.601124	5.760105	0.802454	2.939508	0.045124	6.140120	15.600000	30.934615	1.647573	51.965873	0.862692	46.187454	0.123111	114.143270	19.000000	3.136439	0.459698	17.207001	0.283340	0.729806	0.028493	1.394503	12.200000	1.180325	0.413375	10.515790	0.249063	0.631618	0.021557	1.202738	11.800000	
8.000000	10.130554	3.895143	22.490987	1.491540	9.149566	0.070609	20.312427	17.800000	2.698521	1.766452	6.131612	0.876557	3.103669	0.059782	6.376834	14.200000	26.350479	1.556987	46.953892	0.907502	34.395212	0.138307	84.334129	21.200000	2.957815	0.470076	16.746929	0.295364	0.705542	0.020177	1.318218	15.500000	0.656753	0.417698	4.910989	0.273182	0.652926	0.015467	1.203067	13.300000	
9.000000	11.806198	3.956568	27.560037	1.689348	9.620567	0.046665	21.202497	18.500000	2.541063	1.824853	2.784539	0.879293	3.183202	0.090621	6.624076	14.700000	25.844711	1.558131	48.476626	0.869236	19.032175	0.035201	46.259776	23.600000	2.194163	0.480607	13.343269	0.284761	0.744517	0.039401	1.432625	14.300000	0.523822	0.440201	0.345458	0.280985	0.669075	0.032273	1.250660	14.500000	
10.000000	12.133632	4.076206	28.310706	1.687729	10.040067	0.085880	22.479160	17.800000	2.612918	1.804149	2.762336	0.916133	3.328615	0.038905	6.922313	14.300000	25.288750	1.492077	48.029532	0.849400	14.597149	0.073368	33.514105	24.000000	1.780594	0.512864	11.342130	0.313358	0.801425	0.025500	1.488917	11.900000	0.710318	0.481559	5.286907	0.299550	0.716166	0.013576	1.338226	13.100000	
11.000000	13.065930	4.269239	29.549297	1.750619	11.291043	0.104603	25.498216	18.700000	2.808641	1.887398	3.109556	0.937151	3.578693	0.058314	7.339176	15.800000	22.020485	1.401187	44.983087	0.840123	6.449544	0.142759	14.686029	23.800000	3.272474	0.508451	16.448626	0.321306	0.787116	0.052239	1.475811	13.700000	0.552708	0.480393	0.352923	0.300878	0.720866	0.028201	1.343109	13.500000	
12.000000	12.905296	3.910674	31.019813	1.704280	9.691978	0.067868	21.610600	18.100000	2.766671	1.979752	2.915688	1.000387	3.469476	0.128657	7.154622	16.100000	20.081151	1.407454	43.083853	0.821374	3.670399	0.130819	7.526864	22.800000	2.598446	0.529499	14.025387	0.324727	0.798955	0.039013	1.508603	12.000000	0.676806	0.495750	3.474103	0.312147	0.739105	0.032058	1.355879	12.300000	
13.000000	13.498071	4.835659	29.799626	2.117371	11.716154	0.080048	25.994711	16.800000	3.111828	2.324133	3.203342	1.150815	3.971134	0.026249	8.094667	13.400000	15.053820	1.360806	36.529476	0.801691	2.779563	0.163459	5.691325	21.300000	1.729844	0.538943	10.441000	0.329531	0.801093	0.027124	1.503652	12.000000	0.599450	0.513716	0.412671	0.318533	0.760686	0.025056	1.423834	11.800000	
14.000000	14.554371	4.703827	32.477314	1.926442	11.903142	0.158995	26.810674	18.000000	3.231221	2.212057	4.607919	1.141889	3.897793	0.098327	7.956833	15.100000	14.309366	1.309773	36.830574	0.790944	2.407039	0.108798	4.769616	20.800000	2.103511	0.565975	12.395008	0.345158	0.863406	0.032531	1.635790	12.300000	0.602139	0.518261	0.379641	0.339562	0.811339	0.025760	1.503237	11.600000	
15.000000	14.845392	5.065614	31.873658	2.250679	12.396780	0.106850	27.580998	18.200000	3.176721	2.275084	3.519977	1.160260	4.087143	0.116702	8.348094	14.500000	13.447878	1.318884	35.738439	0.780620	2.434288	0.037756	4.815855	19.900000	2.491730	0.569964	13.451809	0.354682	0.897868	0.025336	1.708139	11.800000	0.634115	0.530207	0.432128	0.344379	0.820702	0.012343	1.517178	12.400000	
16.000000	15.516562	6.104336	30.649803	2.492813	13.571604	0.045916	29.764350	17.800000	3.373012	2.409530	3.439915	1.288205	4.346299	0.060552	8.766003	13.900000	12.499914	1.306923	33.701246	0.795854	2.532864	0.188539	5.081601	19.500000	2.670349	0.584100	13.927177	0.378213	0.875515	0.078143	1.596405	13.200000	0.639239	0.556956	0.398937	0.366367	0.835867	0.051400	1.538555	11.600000	
17.000000	15.613620	5.396517	33.294629	2.325727	12.498523	0.180583	27.552509	17.500000	3.502881	2.495280	3.822483	1.372507	4.254404	0.053784	8.555439	15.100000	10.397406	1.230193	31.135035	0.766346	2.081479	0.038669	4.034182	19.400000	1.905239	0.591253	10.603736	0.379289	0.893341	0.059834	1.651500	13.300000	0.660039	0.564921	0.403195	0.372414	0.843194	0.037257	1.535578	13.300000	
18.000000	14.925991	5.461987	31.238840	2.447967	13.395691	0.168016	29.310781	16.700000	3.677629	2.681515	3.961205	1.406314	4.607415	0.055509	9.408061	14.700000	7.353765	1.245178	26.743023	0.789527	2.009765	0.143599	3.801408	16.500000	2.097995	0.618122	11.787235	0.379403	0.968933	0.032129	1.851088	12.000000	0.697119	0.595277	0.455857	0.378002	0.906057	0.028678	1.688153	12.300000	
19.000000	16.817046	6.509974	32.954524	2.909492	14.816691	0.141400	32.522051	18.200000	4.052995	2.665148	7.264686	1.439232	4.751515	0.174346	9.679685	15.100000	7.125966	1.291493	24.379384	0.828603	2.167103	0.054182	4.060240	16.100000	1.678481	0.649855	9.318792	0.427277	0.979520	0.048180	1.800508	14.000000	0.730045	0.635736	0.432065	0.428395	0.940969	0.016897	1.669575	13.300000	
20.000000	14.988781	6.585431	28.150279	2.918937	14.722380	0.156295	32.052665	16.900000	4.251835	2.788274	6.982393	1.606323	5.146322	0.101617	10.367462	15.500000	7.520815	1.262396	25.754065	0.836950	2.073455	0.194850	3.836274	18.100000	2.633145	0.671534	14.530941	0.430247	0.989594	0.056999	1.819722	14.200000	0.763749	0.641412	1.394456	0.420720	0.915713	0.056002	1.656815	14.300000	
21.000000	18.545008	7.067858	35.013022	3.235483	16.643405	0.110009	36.606730	17.000000	4.207360	2.770409	6.768630	1.451053	4.885366	0.068859	9.887067	14.600000	7.154661	1.278523	25.642116	0.820013	2.207883	0.117207	4.286608	16.200000	1.475121	0.644114	8.202138	0.414573	0.961774	0.037732	1.780635	13.000000	0.880982	0.625729	4.911595	0.424763	0.940807	0.056331	1.711053	12.500000	
22.000000	19.209157	7.166680	37.029785	3.235727	16.625095	0.260349	36.706497	17.900000	4.673893	3.231648	8.518881	1.615363	5.835892	0.174350	12.042572	13.200000	4.565231	1.306749	17.986689	0.851762	2.013873	0.156724	3.733390	15.700000	2.727830	0.699886	13.348808	0.460874	1.056023	0.032654	1.947171	12.500000	0.802621	0.653223	1.251711	0.445584	0.978826	0.055557	1.754146	13.400000	
23.000000	19.619213	7.341476	37.558707	3.221753	17.730485	0.238603	39.243565	17.300000	4.510668	3.105418	6.136744	1.655622	5.382620	0.044527	10.865231	15.100000	6.182121	1.300767	23.929710	0.851834	2.068380	0.154570	3.852743	15.900000	1.723835	0.723293	9.695014	0.450898	1.045749	0.064105	1.929686	12.100000	0.778365	0.687365	0.452999	0.448248	1.026160	0.029681	1.889804	10.500000	
24.000000	20.330021	7.881126	37.179729	3.674803	18.639076	0.147415	40.721718	17.300000	5.243025	3.457197	10.436843	1.798054	6.252424	0.169952	12.881129	14.000000	3.984910	1.339533	16.897097	0.884364	2.144540	0.131430	4.001623	15.200000	2.013329	0.687178	10.516164	0.447526	1.069101	0.048605	1.987167	12.500000	0.908844	0.682887	3.675627	0.435786	1.022848	0.068370	1.900731	12.500000	
25.000000	23.250972	8.680322	42.318558	3.674638	20.602962	0.317567	45.843152	17.200000	4.859112	3.325694	7.137786	1.765841	6.059920	0.136408	12.428850	13.900000	3.963748	1.384585	17.278379	0.894930	2.090959	0.090787	3.879566	16.400000	1.489024	0.727106	7.930988	0.474207	1.075023	0.068528	1.928079	13.200000	0.849543	0.696575	1.502499	0.466454	1.032827	0.046526	1.876483	12.400000	
26.000000	19.039306	8.844723	32.876852	3.805208	19.342232	0.299787	42.622988	17.600000	5.600291	3.691169	9.627477	2.025233	6.601684	0.146145	13.465970	13.400000	3.839543	1.414122	16.194546	0.936532	2.104704	0.146230	3.848959	16.000000	2.016093	0.732503	10.153499	0.474081	1.103391	0.057509	2.032720	14.000000	0.845636	0.710410	0.782192	0.471828	1.067108	0.035740	1.938078	13.200000	
27.000000	23.174434	8.594022	42.586150	3.949468	19.092405	0.053573	41.507147	17.500000	5.145795	3.543098	7.261291	1.990573	6.379856	0.093781	12.609263	16.100000	3.626455	1.394226	15.736439	0.899473	2.114985	0.189239	3.935070	15.000000	1.540761	0.763325	8.193175	0.472881	1.134450	0.090673	2.115815	12.100000	0.842552	0.747173	0.543494	0.479902	1.072326	0.049157	1.925054	12.600000	
28.000000	25.048407	9.098445	43.691099	4.181799	22.446656	0.281126	49.071921	16.900000	6.296712	3.778833	13.491981	2.011705	6.463008	0.202251	13.136208	16.000000	3.705818	1.408742	15.815380	0.947119	2.207537	0.195645	4.074677	16.300000	2.058710	0.758999	10.294783	0.492205	1.130588	0.069346	2.059378	12.900000	1.141980	0.741952	5.313461	0.491648	1.091919	0.087298	1.949584	12.800000	
29.000000	22.215095	9.008097	39.210011	4.062640	20.296307	0.314830	44.523618	18.100000	5.756657	3.726177	9.617553	2.148163	6.729569	0.185649	13.567579	13.800000	3.226567	1.427455	12.788241	0.977371	2.200364	0.190548	3.920366	16.400000	1.729679	0.792295	9.137490	0.521570	1.174180	0.079023	2.136149	11.800000	1.113938	0.767615	5.813645	0.520271	1.125485	0.072860	2.031723	12.500000	
30.000000	24.218712	9.767979	42.027087	4.467528	21.566140	0.081015	46.849393	17.400000	6.353492	4.008737	12.149450	2.215709	7.106294	0.169442	14.410822	15.300000	3.953614	1.430679	16.663855	0.952779	2.244102	0.151060	4.179702	14.900000	1.843291	0.812137	9.720853	0.540717	1.173852	0.068028	2.116592	13.600000	1.100974	0.787623	3.847509	0.540740	1.136292	0.104526	2.028361	13.200000	
31.000000	23.590434	9.635272	41.556266	4.071888	20.521951	0.158507	45.026932	17.800000	6.543151	4.227381	11.524817	2.219571	7.391160	0.228050	15.089793	14.600000	2.972773	1.459564	11.736699	1.010989	2.295029	0.188995	4.212060	14.700000	2.073359	0.843341	9.762400	0.544995	1.233171	0.084418	2.241322	12.300000	1.162298	0.823629	5.462830	0.547643	1.186736	0.064130	2.139293	13.300000	
32.000000	27.815687	11.147763	45.912511	4.733655	25.135871	0.259656	55.654247	17.100000	6.032522	4.232551	9.648266	2.506707	7.042462	0.290166	13.802356	14.400000	3.719629	1.559708	13.648099	1.055110	2.393490	0.120453	4.394986	16.500000	2.376011	0.859897	11.132103	0.570829	1.247131	0.046316	2.230893	13.200000	0.936000	0.831469	0.519839	0.557723	1.201553	0.008558	2.163335	12.300000	
33.000000	25.929381	9.628482	44.455561	4.575049	22.515676	0.371791	49.223466	18.300000	6.476804	4.485702	10.034046	2.372828	7.431796	0.128783	14.916570	14.600000	3.179024	1.468515	11.893739	0.984229	2.330065	0.184085	4.331351	15.900000	2.026195	0.855130	9.684039	0.571795	1.295062	0.105413	2.329283	12.200000	0.969247	0.826532	0.579438	0.558726	1.249438	0.097369	2.284905	12.100000	
34.000000	26.151672	10.424240	43.689445	4.845693	23.765651	0.498248	51.567440	18.000000	7.116635	4.188059	14.070907	2.319234	7.409280	0.173696	15.007788	16.300000	3.828308	1.498313	14.958991	0.993584	2.392769	0.094294	4.490049	14.300000	2.720969	0.824656	13.279392	0.567992	1.244001	0.093022	2.249176	13.600000	1.483938	0.813736	8.913674	0.557159	1.202565	0.018668	2.151051	12.500000	
35.000000	26.298677	11.264239	43.907435	5.232796	23.864037	0.284948	51.687514	16.500000	7.443167	4.327090	14.761417	2.403619	8.047665	0.069978	16.449109	16.000000	2.691142	1.592252	8.532913	1.040887	2.362338	0.108726	4.334884	14.600000	1.770431	0.857460	8.585542	0.569202	1.312316	0.063785	2.422061	12.400000	1.059507	0.861281	1.476562	0.575487	1.274327	0.062388	2.311839	12.500000	
36.000000	31.285267	12.560490	48.507740	5.876293	28.615064	0.126503	62.579020	17.700000	8.120038	4.942191	15.783084	2.682903	9.067875	0.182603	18.643397	13.400000	2.579805	1.598037	7.901998	1.095250	2.391821	0.137057	4.313366	15.200000	1.989473	0.906008	9.314985	0.578869	1.285776	0.038441	2.331607	13.300000	1.343820	0.893877	6.848481	0.581362	1.223412	0.043796	2.169157	13.000000	
37.000000	27.619422	10.403148	45.678856	4.773137	25.057844	0.308807	53.915416	18.100000	6.842917	4.672274	10.206579	2.534092	7.805689	0.259308	15.580465	15.300000	2.462640	1.649375	6.665234	1.051037	2.458930	0.089131	4.532897	13.600000	2.357454	0.920325	10.930921	0.595806	1.304216	0.049158	2.358871	14.000000	1.000982	0.899145	0.580406	0.592809	1.249353	0.090053	2.220064	14.200000	
38.000000	30.751419	12.240468	48.769767	5.772419	27.224881	0.175958	59.115246	17.800000	7.417720	5.123529	10.205066	2.913270	8.943322	0.200784	17.814742	15.600000	3.013726	1.665584	10.316563	1.124705	2.466321	0.231827	4.441558	13.900000	2.264539	0.920609	10.580801	0.602568	1.400625	0.106284	2.588487	12.700000	1.080807	0.881071	1.248240	0.597332	1.341976	0.102747	2.451370	11.800000	
39.000000	31.860692	13.017934	49.678760	6.045300	27.719305	0.559095	58.748445	18.700000	8.080667	5.325499	13.458982	3.100614	9.317756	0.244472	18.528330	15.300000	3.277575	1.711248	11.096137	1.156997	2.639739	0.173949	4.830797	15.300000	2.026552	0.962687	8.922341	0.625141	1.406344	0.098932	2.532107	13.000000	1.300650	0.948136	4.569621	0.633275	1.362464	0.084048	2.448878	13.600000	
40.000000	28.980267	12.777889	44.920477	5.895193	27.651207	0.237005	59.944122	18.000000	9.069808	5.026901	19.494967	2.798842	9.401500	0.211091	19.093089	14.900000	2.824769	1.773371	8.928700	1.164830	2.581974	0.112262	4.670742	15.400000	2.492772	0.961706	11.671362	0.636353	1.368497	0.073410	2.436487	12.900000	1.824812	0.953203	9.664147	0.635906	1.350927	0.093016	2.375775	13.100000	
41.000000	31.742498	13.862323	48.179546	6.618975	29.318760	0.372607	62.963225	17.700000	8.792398	5.314289	17.234994	2.863335	9.174663	0.412444	18.390068	15.400000	2.674875	1.784802	7.813391	1.184219	2.529241	0.249734	4.537951	15.100000	1.785592	0.996302	7.821415	0.660704	1.442840	0.111041	2.588348	12.600000	1.664833	0.991791	8.591465	0.675797	1.408008	0.107293	2.476991	13.600000	
42.000000	36.542729	13.195638	55.097920	6.142587	31.471758	0.343248	68.896885	18.800000	8.797038	5.702043	16.132727	3.263718	9.646681	0.300103	19.214651	15.500000	2.826800	1.756858	8.412521	1.181629	2.786621	0.231343	5.186914	12.700000	1.804625	1.008695	7.981193	0.644769	1.445008	0.092020	2.640162	11.300000	2.033700	0.999028	11.771710	0.646661	1.413653	0.062927	2.563337	11.500000	
43.000000	35.290386	14.005828	51.924614	6.605384	32.923224	0.530686	71.884205	18.300000	10.093451	5.739794	20.172653	3.172044	10.229987	0.222823	20.517551	16.000000	2.598892	1.804258	6.528894	1.217274	2.654197	0.164079	4.777941	14.600000	2.574071	1.005672	11.508322	0.668362	1.495175	0.061494	2.680348	13.500000	1.824673	0.980018	9.397996	0.663418	1.443060	0.086276	2.600888	13.100000	
44.000000	35.842851	14.848920	52.627432	7.358365	33.833307	0.648043	71.523663	17.500000	9.611154	5.654630	16.681150	3.210198	10.427891	0.267290	21.186012	16.000000	3.465301	1.846775	12.073757	1.233791	2.741545	0.242702	4.984202	14.000000	2.477199	1.087598	10.726765	0.689994	1.563129	0.115735	2.859587	12.100000	1.355409	1.047870	4.445277	0.664019	1.503002	0.047866	2.729387	11.700000	
45.000000	35.319545	14.730115	52.276275	6.997892	31.732583	0.728080	68.739043	17.300000	10.266443	6.129534	18.955730	3.235225	10.359885	0.232462	21.024493	14.800000	2.863685	1.847416	8.856209	1.226914	2.790749	0.163919	5.134132	15.100000	2.588922	1.022438	11.329330	0.668616	1.520640	0.093909	2.792651	12.600000	1.578636	0.994479	6.872559	0.667979	1.496910	0.091966	2.720859	11.400000	
46.000000	35.428736	16.218517	50.743690	7.223715	33.548242	0.461356	72.176918	17.200000	10.661347	6.268789	17.523493	3.700955	11.734242	0.291756	23.627840	15.400000	2.897280	1.820671	8.345882	1.235640	2.796554	0.217372	5.049050	14.600000	2.254569	1.040393	9.952945	0.712534	1.558370	0.074060	2.764467	12.900000	1.278590	1.006025	1.993554	0.685283	1.507277	0.098153	2.694880	13.000000	
47.000000	36.250849	15.463473	51.613605	7.657718	35.269467	0.762658	75.677741	17.400000	10.692739	6.444044	19.374387	3.717678	11.610998	0.360208	23.308463	13.900000	3.241606	1.884079	10.366771	1.295889	2.842827	0.264074	5.067906	14.400000	2.168719	1.071800	8.786396	0.689968	1.560371	0.130422	2.859012	12.300000	2.197181	1.061663	12.035530	0.701139	1.558351	0.097570	2.815583	12.400000	
48.000000	43.328008	18.534221	57.200681	8.553880	44.049311	0.621950	93.868990	17.200000	11.850028	6.645699	22.299030	3.552671	11.892146	0.413464	24.057806	14.600000	3.110884	1.997562	9.316146	1.366727	3.058952	0.144072	5.559122	13.900000	1.936916	1.058101	7.846022	0.725161	1.533918	0.034405	2.746831	14.200000	1.546516	1.034621	6.432713	0.727912	1.500292	0.118805	2.617637	14.000000	
49.000000	39.964810	16.156087	55.693795	8.182151	38.623766	0.394183	83.541881	17.800000	11.684043	6.888922	22.544582	4.006818	11.720734	0.296733	22.752916	14.800000	2.766434	1.866460	5.277613	1.307964	2.885793	0.263239	5.241422	15.500000	2.984759	1.071621	13.241905	0.721465	1.581564	0.111294	2.870535	12.400000	1.844084	1.059130	8.545203	0.729822	1.557020	0.087174	2.782635	12.000000	
50.000000	38.304956	17.006394	54.191066	7.594958	35.324760	0.474309	75.515925	17.400000	10.688526	7.146933	17.208513	3.812355	12.081095	0.517713	24.461822	13.700000	3.374497	1.946127	9.473925	1.286417	2.837256	0.154145	5.129668	15.500000	2.344956	1.141419	9.607842	0.756138	1.596700	0.102960	2.807548	13.800000	1.681269	1.127224	6.947388	0.744619	1.586784	0.112321	2.838721	12.700000	
