# plotC2b.dat
# Data file for GNUPLOT
# Test C. Distance from the camera
# - C.2. Accuracy
# - C.2.b. Translation Error
# nDst  	u-DLT   	m-DLT   	p-DLT   	1q-DLT  	3q-DLT  	mn-DLT  	mx-DLT  	SR-DLT  	u-EPN   	m-EPN   	p-EPN   	1q-EPN  	3q-EPN  	mn-EPN  	mx-EPN  	SR-EPN  	u-POS   	m-POS   	p-POS   	1q-POS  	3q-POS  	mn-POS  	mx-POS  	SR-POS  	u-OI    	m-OI    	p-OI    	1q-OI   	3q-OI   	mn-OI   	mx-OI   	SR-OI   	u-LM    	m-LM    	p-LM    	1q-LM   	3q-LM   	mn-LM   	mx-LM   	SR-LM   	
0.000000	6.957328	2.135425	19.751634	0.688061	6.104231	0.058385	14.012346	19.100000	5.850171	1.447063	19.693206	0.522410	3.424682	0.030722	7.764574	15.500000	39.640201	4.597263	44.884886	0.852671	94.453356	0.084010	206.434649	14.200000	8.072949	0.399893	34.969913	0.188637	0.847598	0.025521	1.823919	14.100000	5.720282	0.333075	63.664739	0.180611	0.702729	0.003539	1.478476	14.400000	
1.000000	8.272289	2.252821	23.304776	0.770254	6.644583	0.055150	15.208044	17.900000	4.785943	1.366213	15.078910	0.545171	3.401154	0.042625	7.624678	15.700000	39.402257	4.219228	46.653600	0.860978	93.854827	0.035644	203.541627	13.500000	8.232391	0.379887	36.277211	0.182898	0.889522	0.008635	1.918153	14.600000	5.533384	0.329498	79.920809	0.180774	0.642232	0.005530	1.332123	12.300000	
2.000000	8.264813	2.376668	21.846950	0.778563	7.188676	0.046884	16.615061	17.300000	4.809726	1.421347	16.651859	0.455606	3.904905	0.024560	9.058055	15.800000	34.826398	2.847888	43.248643	0.840728	84.400498	0.069871	189.170583	13.900000	6.126034	0.353194	30.610416	0.182201	0.880995	0.028061	1.912699	13.900000	2.291726	0.334588	16.613236	0.188290	0.708404	0.016727	1.481157	13.300000	
3.000000	9.071387	2.747006	23.544199	0.882360	6.868682	0.044635	15.814686	16.900000	3.727522	1.509339	10.458646	0.586351	3.732717	0.030371	8.326462	13.400000	30.753243	2.300727	40.740400	0.785801	68.328652	0.052424	152.506668	16.100000	5.041179	0.431656	26.952599	0.205987	0.879931	0.022971	1.879436	13.200000	1.645404	0.359836	15.455458	0.201679	0.759932	0.013659	1.585438	12.800000	
4.000000	9.957072	2.781145	27.187087	0.887382	7.416201	0.079523	17.170602	17.400000	4.363698	1.550748	12.907056	0.515214	3.856622	0.062004	8.810723	13.300000	29.447652	1.996083	42.640914	0.704493	63.677044	0.054557	158.110969	18.200000	3.857693	0.351957	22.448754	0.183525	0.811964	0.021025	1.748029	13.300000	1.925680	0.326578	15.181081	0.188895	0.685184	0.008851	1.426491	13.000000	
5.000000	9.412411	2.927877	24.524777	0.897650	8.029771	0.061774	18.685493	16.600000	3.781503	1.459870	9.509059	0.512777	4.216562	0.053446	9.765201	16.400000	28.259150	1.937988	40.813217	0.646141	57.926386	0.072960	135.406189	18.200000	5.229067	0.348543	26.982577	0.188211	0.841050	0.031352	1.812443	12.600000	0.953661	0.348170	6.559700	0.194329	0.673898	0.006981	1.390694	13.100000	
6.000000	9.385902	2.978217	24.542253	0.997134	8.152434	0.071627	18.804193	16.700000	4.166792	1.573391	12.063311	0.554760	3.689811	0.051051	8.390386	15.100000	25.626671	1.675212	38.165552	0.616965	51.484799	0.030425	120.376114	18.300000	2.683863	0.345714	18.584113	0.185435	0.810576	0.030560	1.740791	13.500000	1.769039	0.349768	14.275316	0.207952	0.705456	0.005072	1.445387	13.200000	
7.000000	9.783167	3.199136	25.197436	1.066812	8.562173	0.072051	19.597348	17.300000	3.995429	1.523620	10.736282	0.564414	3.954809	0.034326	8.989227	15.600000	24.397688	1.491530	39.929461	0.585918	48.910392	0.052625	112.993382	19.000000	2.947898	0.374405	17.823869	0.191571	0.804974	0.013741	1.717326	12.200000	1.395053	0.360196	12.535210	0.204367	0.724885	0.018374	1.499061	11.800000	
8.000000	10.207269	3.242650	25.263417	1.203167	9.087097	0.066307	20.777997	17.800000	3.798030	1.633960	7.555613	0.683975	3.884122	0.043505	8.633749	14.200000	19.676679	1.351366	33.604619	0.542596	22.659977	0.063718	55.480782	21.200000	2.485832	0.378448	14.968957	0.197427	0.879866	0.009395	1.898858	15.500000	0.691522	0.351880	3.553786	0.219343	0.767059	0.015753	1.573409	13.300000	
9.000000	11.107958	3.790898	28.528465	1.445471	8.943149	0.071641	20.044577	18.500000	3.497711	1.742470	5.305347	0.661413	4.068752	0.042526	9.160340	14.700000	19.146995	1.368503	35.788804	0.557831	13.851289	0.070044	31.734279	23.600000	1.775611	0.379439	11.609365	0.200578	0.877852	0.008088	1.886948	14.300000	0.613563	0.362673	0.655302	0.216860	0.777627	0.031231	1.616695	14.500000	
10.000000	12.134846	3.668777	30.752701	1.441754	9.401152	0.046162	21.315253	17.800000	3.400024	1.637469	5.920352	0.636446	3.880811	0.055915	8.745190	14.300000	18.185990	1.079882	36.758373	0.452580	10.141714	0.049555	24.516686	24.000000	1.511487	0.379431	10.631640	0.196324	0.841506	0.027550	1.797154	11.900000	0.894775	0.368447	9.759375	0.222875	0.716298	0.014033	1.453108	13.100000	
11.000000	14.040921	3.828385	35.144777	1.293829	10.175736	0.042965	23.466154	18.700000	3.706647	1.654012	6.226668	0.564729	4.242079	0.049324	9.727877	15.800000	14.883211	1.038830	33.519110	0.441380	5.370309	0.044827	12.530846	23.800000	2.549402	0.365074	13.922158	0.202899	0.784786	0.025498	1.648035	13.700000	0.562064	0.365621	0.549672	0.232126	0.688116	0.024715	1.355104	13.500000	
12.000000	12.673050	3.727703	33.228163	1.296315	9.164342	0.090435	20.692963	18.100000	3.759357	1.709204	7.538988	0.714447	4.245664	0.046092	9.447759	16.100000	13.415995	1.012795	29.096295	0.433957	3.541129	0.031446	7.671281	22.800000	2.073723	0.388405	12.333969	0.204744	0.835001	0.044632	1.778408	12.000000	0.748768	0.396473	4.613096	0.232932	0.777031	0.023739	1.587899	12.300000	
13.000000	13.259395	4.154164	32.372119	1.507654	10.223704	0.075725	23.280091	16.800000	3.807132	1.919467	6.056003	0.736622	4.367035	0.042483	9.782114	13.400000	10.313306	0.857040	26.897452	0.389217	2.346456	0.060932	5.187285	21.300000	1.196111	0.390271	6.373455	0.215977	0.815937	0.023863	1.715104	12.000000	0.603550	0.389789	0.598924	0.228409	0.757919	0.023250	1.551441	11.800000	
14.000000	14.590481	4.011652	35.637336	1.522788	10.886061	0.090540	24.876973	18.000000	4.041555	1.672889	6.991990	0.715224	4.385526	0.056842	9.809912	15.100000	8.983300	0.855580	23.616595	0.369112	2.181013	0.060985	4.613435	20.800000	1.636655	0.381781	9.815762	0.211395	0.830265	0.035977	1.736426	12.300000	0.620988	0.403257	0.636736	0.238599	0.757884	0.026294	1.532046	11.600000	
15.000000	15.126413	4.896062	36.998353	1.696910	12.127042	0.092882	27.647464	18.200000	3.633216	1.894946	5.003114	0.765366	4.276054	0.027726	9.509390	14.500000	9.227849	0.868110	25.490667	0.396131	2.306823	0.055113	5.136428	19.900000	1.490548	0.412058	8.752202	0.225039	0.944978	0.011857	2.009732	11.800000	0.656782	0.406989	0.649388	0.251172	0.818255	0.034590	1.666616	12.400000	
16.000000	14.905352	5.410857	33.077444	1.981152	12.257365	0.078357	27.192220	17.800000	3.865573	2.041054	5.479876	0.812326	4.807990	0.059267	10.732521	13.900000	8.357040	0.855040	21.277760	0.406544	2.155252	0.044830	4.766769	19.500000	1.800415	0.424795	10.151257	0.226937	0.951992	0.035047	2.022274	13.200000	0.651926	0.433388	0.612460	0.252362	0.821418	0.009258	1.669551	11.600000	
17.000000	16.180646	4.852928	35.731851	1.806610	13.229641	0.038424	29.919844	17.500000	3.920481	1.906525	6.915755	0.782242	4.528417	0.074628	9.972191	15.100000	6.927218	0.696737	24.752085	0.348567	1.709084	0.037339	3.702258	19.400000	1.446786	0.371163	8.714758	0.226003	0.773518	0.039188	1.589058	13.300000	0.600881	0.399022	0.601312	0.254532	0.728008	0.032421	1.413225	13.300000	
18.000000	14.186292	4.393988	33.377549	1.738967	11.644661	0.052927	26.475753	16.700000	4.007172	2.070288	6.161172	0.781772	4.614629	0.035026	10.293162	14.700000	4.314534	0.752476	16.408154	0.377811	1.694059	0.044627	3.667749	16.500000	1.418339	0.396093	7.759314	0.232074	0.848722	0.016648	1.771189	12.000000	0.658569	0.414934	0.658454	0.256128	0.798065	0.046380	1.610324	12.300000	
19.000000	16.906015	5.890527	36.709870	2.109961	13.519777	0.071409	30.273131	18.200000	4.302782	2.281398	6.280550	0.931013	5.247221	0.014061	11.715739	15.100000	5.260098	0.763717	23.267442	0.365145	1.743926	0.039265	3.797216	16.100000	1.048775	0.428720	4.232425	0.233307	0.978560	0.027103	2.094451	14.000000	0.712713	0.451946	0.698572	0.267852	0.927466	0.018740	1.916075	13.300000	
20.000000	15.163732	5.477664	32.404192	2.011074	13.990674	0.054526	31.483724	16.900000	4.662453	2.352424	7.284672	0.999534	5.362517	0.057144	11.842323	15.500000	7.382777	0.737159	89.852203	0.356276	1.703198	0.019616	3.718594	18.100000	1.674031	0.443736	8.911687	0.244619	0.972244	0.034155	2.063357	14.200000	0.913957	0.466255	6.951296	0.269477	0.884748	0.042103	1.806782	14.300000	
21.000000	17.389601	5.879373	36.424580	2.273579	14.042504	0.086103	31.625021	17.000000	4.260270	2.105862	6.215879	0.931971	4.999166	0.026808	10.997161	14.600000	4.329293	0.746207	18.378047	0.356691	1.699139	0.048033	3.701311	16.200000	1.101230	0.439976	5.199355	0.243267	0.983176	0.026898	2.078457	13.000000	0.791906	0.455251	2.813004	0.280202	0.913824	0.047276	1.864121	12.500000	
22.000000	19.071956	6.394365	39.483294	2.259953	16.568853	0.084521	38.025532	17.900000	4.359487	2.270547	6.564297	0.942605	5.271326	0.110535	11.756617	13.200000	3.067238	0.678026	13.588718	0.342128	1.479562	0.030295	3.179123	15.700000	1.880632	0.444341	9.076831	0.248895	0.942156	0.039668	1.949625	12.500000	1.109965	0.465950	12.905408	0.275163	0.871901	0.009782	1.755311	13.400000	
23.000000	19.100665	6.266133	39.317869	2.341864	17.101107	0.047184	38.811487	17.300000	4.775564	2.350848	7.666750	0.936060	5.560519	0.044064	12.453392	15.100000	4.255284	0.744946	19.329888	0.359768	1.567420	0.040266	3.365942	15.900000	1.353522	0.436728	7.361330	0.243643	0.992476	0.022184	2.115348	12.100000	0.699467	0.451046	0.646280	0.280511	0.920020	0.042866	1.873375	10.500000	
24.000000	19.678237	7.160886	38.750012	2.833854	17.802658	0.125649	40.106846	17.300000	5.247076	2.611648	7.821862	1.169628	6.132964	0.075770	13.526321	14.000000	2.737727	0.730406	13.187754	0.381640	1.481359	0.038775	3.108896	15.200000	1.336102	0.449271	6.537652	0.245138	0.989603	0.023758	2.098723	12.500000	2.787010	0.458710	65.225052	0.274872	0.941459	0.024735	1.940236	12.500000	
25.000000	22.708868	6.433049	45.199800	2.507361	18.777310	0.055723	42.400293	17.200000	4.888061	2.672074	6.881125	1.100293	5.638890	0.059559	12.385742	13.900000	2.152986	0.727987	9.637897	0.381734	1.470420	0.060666	3.075785	16.400000	1.114588	0.474915	4.917226	0.266823	0.980271	0.030791	2.043509	13.200000	1.415087	0.492870	21.469112	0.297087	0.933039	0.034247	1.884282	12.400000	
26.000000	18.344070	7.201879	35.323073	2.536297	16.615990	0.098043	37.640637	17.600000	5.170268	2.888214	7.421693	1.156366	6.195945	0.073158	13.632837	13.400000	1.945405	0.747805	6.229586	0.377295	1.531145	0.040251	3.247659	16.000000	1.379942	0.457180	6.499504	0.257280	0.961784	0.018516	2.013076	14.000000	1.908540	0.471557	37.545834	0.284074	0.900200	0.031924	1.823774	13.200000	
27.000000	23.693375	7.470361	47.735248	2.642676	17.737144	0.091754	39.075655	17.500000	5.261328	2.687611	8.352024	1.217311	5.745160	0.103405	12.486277	16.100000	2.209271	0.740746	10.176037	0.375610	1.584555	0.019123	3.384286	15.000000	0.924032	0.448368	2.842608	0.265907	1.014841	0.029901	2.126332	12.100000	0.736251	0.463582	0.688756	0.285194	0.965148	0.050491	1.980809	12.600000	
28.000000	24.246879	7.670290	46.505153	2.638678	19.718718	0.058017	44.956458	16.900000	5.452087	2.741926	8.175833	1.215270	6.310012	0.042603	13.861097	16.000000	2.170667	0.763164	9.532888	0.410559	1.559773	0.050489	3.280396	16.300000	1.262958	0.468039	5.643975	0.275198	0.966212	0.029484	2.001678	12.900000	2.913369	0.483803	39.232181	0.295678	0.924472	0.040637	1.867280	12.800000	
29.000000	22.303074	7.350861	43.001459	3.007077	19.417711	0.089004	43.027159	18.100000	5.787634	2.747964	10.214364	1.222296	6.317627	0.112341	13.825390	13.800000	1.851885	0.736050	8.032390	0.399419	1.555130	0.029107	3.275325	16.400000	1.199308	0.470333	5.335806	0.276014	0.992807	0.054094	2.065713	11.800000	2.760532	0.504042	44.279655	0.294755	0.967773	0.022345	1.970096	12.500000	
30.000000	23.956051	7.696646	44.649193	2.931628	20.125571	0.058114	45.257527	17.400000	5.454075	3.020398	7.400294	1.186063	6.405639	0.060472	14.038927	15.300000	2.237803	0.724706	9.426547	0.390971	1.574455	0.050358	3.334177	14.900000	1.202855	0.492309	5.517335	0.261280	0.969868	0.028443	2.020590	13.600000	1.204609	0.500506	10.721369	0.295966	0.914482	0.014850	1.824054	13.200000	
31.000000	24.767429	8.214577	47.830540	3.373417	21.013000	0.108493	47.110036	17.800000	5.883272	2.904703	8.850003	1.300164	6.834036	0.107623	14.828434	14.600000	1.892144	0.744025	7.905730	0.394153	1.514307	0.052431	3.140027	14.700000	1.206010	0.521537	4.785777	0.293217	1.114682	0.021485	2.342305	12.300000	1.005716	0.544441	5.039159	0.313474	1.021004	0.022775	2.081244	13.300000	
32.000000	27.226695	9.609179	48.088048	3.379074	24.943018	0.095498	55.719685	17.100000	5.753700	3.142109	7.707842	1.559653	6.798081	0.088237	14.442714	14.400000	2.279604	0.784534	9.733009	0.435169	1.604371	0.065519	3.332976	16.500000	1.437773	0.509336	6.329726	0.282819	1.054246	0.056329	2.153776	13.200000	0.779254	0.518277	0.723171	0.311631	0.974754	0.021553	1.948621	12.300000	
33.000000	25.981815	9.792415	46.926349	3.501095	21.901119	0.079403	49.487817	18.300000	6.006912	3.024367	8.827258	1.361273	6.963792	0.057230	15.224660	14.600000	1.974525	0.736900	8.603457	0.412086	1.510679	0.048612	3.150685	15.900000	1.322901	0.511827	5.740860	0.283075	1.012972	0.035216	2.084285	12.200000	0.778721	0.526546	0.736995	0.303639	0.950274	0.016437	1.916286	12.100000	
34.000000	25.422307	8.961052	46.197754	3.502950	22.429568	0.087538	49.405462	18.000000	5.900370	2.982257	8.667856	1.352974	6.944873	0.086691	15.322776	16.300000	2.073053	0.813365	7.126480	0.452429	1.631821	0.025661	3.360199	14.300000	1.398031	0.512358	6.253226	0.302809	1.020465	0.032922	2.093922	13.600000	2.435377	0.517215	26.332351	0.321875	0.929842	0.036883	1.837245	12.500000	
35.000000	25.871202	9.021651	47.110787	3.341624	21.849321	0.072923	48.325725	16.500000	5.661742	3.056370	7.368004	1.375119	6.803005	0.057788	14.893067	16.000000	1.928803	0.777259	9.229475	0.405933	1.543481	0.050881	3.208504	14.600000	1.217884	0.501628	5.105891	0.304254	1.005560	0.047050	2.055183	12.400000	1.525382	0.547038	14.495375	0.325811	0.964123	0.030995	1.910335	12.500000	
36.000000	30.445660	10.854225	51.364052	4.101131	27.360740	0.068565	60.818461	17.700000	7.109048	3.716554	10.317468	1.752675	8.494264	0.016574	18.549009	13.400000	1.781410	0.838070	7.910636	0.457934	1.571970	0.065981	3.232903	15.200000	1.046374	0.551857	2.871383	0.303938	1.086237	0.038739	2.256782	13.300000	1.606852	0.557304	13.505301	0.319681	1.042170	0.031125	2.104410	13.000000	
37.000000	27.112221	8.663416	48.887062	3.636471	24.038739	0.075711	53.429860	18.100000	5.725827	3.045985	7.933085	1.374188	6.874435	0.045803	14.987816	15.300000	1.461289	0.775550	3.812055	0.398115	1.534492	0.026915	3.235329	13.600000	1.459140	0.545766	6.507176	0.289794	1.082195	0.020326	2.263204	14.000000	0.803677	0.550353	0.730406	0.308837	1.058535	0.016966	2.182674	14.200000	
38.000000	30.703539	10.061347	52.205656	3.726189	27.616801	0.109500	61.490660	17.800000	6.370180	3.562967	8.468999	1.636148	7.712893	0.079322	16.720034	15.600000	1.747105	0.843176	5.084311	0.410006	1.712079	0.072672	3.650399	13.900000	1.295030	0.548364	4.573678	0.314684	1.096991	0.045640	2.204466	12.700000	1.507817	0.558315	15.204141	0.318340	1.001812	0.052478	2.022991	11.800000	
39.000000	30.997702	10.973802	51.163507	4.243592	27.441188	0.089183	61.791518	18.700000	6.544099	3.400216	9.140137	1.606701	7.661255	0.129135	16.717993	15.300000	1.839050	0.871959	5.605539	0.448036	1.729912	0.036134	3.633861	15.300000	1.219918	0.597273	4.036523	0.316351	1.173108	0.014844	2.450456	13.000000	1.285515	0.611683	7.830300	0.339119	1.152595	0.041307	2.371621	13.600000	
40.000000	27.883548	11.264549	45.668415	4.330751	26.538404	0.099273	58.659199	18.000000	6.367707	3.273352	9.086519	1.606455	7.483635	0.060884	16.226693	14.900000	1.639334	0.818730	5.080395	0.427380	1.698903	0.048464	3.585169	15.400000	1.358382	0.551260	5.031332	0.321106	1.109304	0.063505	2.256005	12.900000	3.873225	0.576021	39.814158	0.339812	1.068931	0.045397	2.155284	13.100000	
41.000000	31.104680	12.102609	50.673686	4.419723	29.339190	0.115474	66.710093	17.700000	7.095275	3.628231	10.451970	1.607851	8.343429	0.139692	18.387195	15.400000	1.421605	0.807800	2.079358	0.462348	1.635710	0.036758	3.395492	15.100000	1.063505	0.542059	3.468253	0.305707	1.031171	0.059783	2.117117	12.600000	2.574565	0.569875	34.700443	0.325291	1.006511	0.039497	1.998429	13.600000	
42.000000	36.204510	11.249861	58.814374	4.318665	30.817206	0.115577	69.136958	18.800000	6.987323	3.666637	9.625419	1.743480	7.854932	0.134828	16.915304	15.500000	1.524341	0.833377	3.304116	0.444899	1.618671	0.057352	3.351713	12.700000	1.014602	0.548423	2.938564	0.317472	1.075379	0.016967	2.211961	11.300000	1.314719	0.560385	6.538467	0.337378	1.065485	0.046582	2.157579	11.500000	
43.000000	34.453142	12.032497	54.955128	4.357640	31.330746	0.088991	69.602541	18.300000	7.335389	4.263664	9.758081	1.913497	8.753233	0.127690	18.997184	16.000000	1.563267	0.905669	3.704169	0.428986	1.720491	0.046471	3.639977	14.600000	1.318533	0.561288	4.443733	0.322634	1.176932	0.066443	2.440263	13.500000	3.752894	0.576510	49.914484	0.343986	1.095540	0.044680	2.212755	13.100000	
44.000000	33.527181	12.189954	52.482674	5.238428	30.765404	0.078243	68.198225	17.500000	7.160177	3.878540	10.281035	1.708551	8.734280	0.071034	19.268365	16.000000	1.890150	0.911351	5.507732	0.487411	1.824036	0.079454	3.824127	14.000000	1.385985	0.597475	4.892448	0.325408	1.164749	0.051682	2.418177	12.100000	1.284408	0.609958	12.741485	0.349278	1.118776	0.015223	2.255236	11.700000	
45.000000	33.922784	12.317930	53.574523	4.597959	32.918624	0.084410	73.424252	17.300000	7.717538	4.269359	10.538135	1.845740	9.083520	0.099015	19.575255	14.800000	1.762230	0.922796	5.088907	0.496818	1.832230	0.036662	3.815069	15.100000	1.483981	0.643514	5.204537	0.354256	1.227976	0.065490	2.522156	12.600000	3.654703	0.651285	52.047875	0.379778	1.113099	0.035787	2.202701	11.400000	
46.000000	33.639437	12.825125	53.623713	4.887982	31.425487	0.093086	70.185704	17.200000	7.836804	4.307057	10.440591	1.969487	9.346334	0.115476	19.953255	15.400000	1.700905	0.895338	4.228339	0.485552	1.879678	0.041451	3.953261	14.600000	1.195665	0.618730	3.502271	0.347273	1.190273	0.057298	2.439331	12.900000	1.457176	0.634395	11.767890	0.351585	1.105510	0.040462	2.225789	13.000000	
47.000000	36.181012	13.938904	55.632060	5.779603	33.827279	0.056477	75.580551	17.400000	7.129399	3.835657	9.202666	1.810287	9.152931	0.106337	20.097538	13.900000	1.966117	1.002981	6.772515	0.484729	1.879989	0.052125	3.952630	14.400000	1.189297	0.636839	3.402813	0.330390	1.273894	0.036777	2.676145	12.300000	2.363569	0.617290	21.888539	0.342989	1.231222	0.029220	2.557691	12.400000	
48.000000	41.356288	14.778132	59.486390	5.852202	44.245466	0.135718	101.339602	17.200000	8.175814	4.607703	11.251579	2.072770	9.305845	0.111143	20.057486	14.600000	1.740267	1.012400	3.746688	0.525083	1.923516	0.071875	4.011646	13.900000	1.226994	0.654798	3.643434	0.367002	1.224326	0.063755	2.486229	14.200000	1.656235	0.671143	14.107432	0.386259	1.201149	0.024759	2.417534	14.000000	
49.000000	38.655760	14.629593	56.174587	5.623352	39.407676	0.121607	89.107840	17.800000	8.281302	4.696450	10.354913	2.154798	9.915721	0.067352	21.342451	14.800000	1.522090	0.949388	1.941435	0.498729	1.843457	0.043686	3.859522	15.500000	1.576941	0.640960	5.542344	0.349943	1.197864	0.037635	2.461159	12.400000	3.650362	0.658621	32.974496	0.355923	1.165318	0.035922	2.302669	12.000000	
50.000000	36.560082	13.693711	55.543862	5.235690	35.590573	0.121218	80.209954	17.400000	7.917090	4.447234	10.012517	1.988136	9.368066	0.081646	20.311435	13.700000	2.031167	0.969243	5.727073	0.504143	1.946459	0.080088	4.104326	15.500000	1.223929	0.685634	3.088595	0.352332	1.212139	0.027595	2.486433	13.800000	2.388805	0.657672	20.191772	0.365189	1.246210	0.037651	2.553687	12.700000	
