# plotA2a.dat
# Data file for GNUPLOT
# Test A. No. of points
# - A.2. Speed (nPts = 6-150, var = 5, outliers = 0 %)
# - A.2.a. Rotation Error (degrees)
# nPts  	u-DLT   	m-DLT   	p-DLT   	1q-DLT  	3q-DLT  	mn-DLT  	mx-DLT  	SR-DLT  	u-EPN   	m-EPN   	p-EPN   	1q-EPN  	3q-EPN  	mn-EPN  	mx-EPN  	SR-EPN  	u-POS   	m-POS   	p-POS   	1q-POS  	3q-POS  	mn-POS  	mx-POS  	SR-POS  	u-OI    	m-OI    	p-OI    	1q-OI   	3q-OI   	mn-OI   	mx-OI   	SR-OI   	u-LM    	m-LM    	p-LM    	1q-LM   	3q-LM   	mn-LM   	mx-LM   	SR-LM   	
6.000000	19.097660	11.930182	21.621506	5.193730	25.431278	0.233658	55.719552	14.200000	11.601351	5.844760	23.303149	3.072483	11.283018	0.224640	23.594530	16.000000	20.459459	4.211452	40.536579	2.659350	8.720137	0.201115	17.771746	20.780000	3.296547	1.834484	10.848235	1.251635	2.659044	0.061030	4.750083	13.500000	2.367217	1.675955	7.484788	1.080760	2.504769	0.013244	4.636871	12.580000	
7.000000	10.476427	6.330496	11.788805	3.018157	13.375014	0.159784	28.778665	15.720000	6.695258	4.262865	12.312334	2.295687	7.532439	0.274728	15.365091	14.800000	17.119884	3.145425	37.823625	2.114974	5.563498	0.251012	10.701030	19.360000	2.155119	1.520025	6.899152	1.070868	2.193187	0.048108	3.869036	12.640000	1.735203	1.405247	4.702378	0.895339	2.048098	0.017004	3.777047	13.020000	
8.000000	11.307783	7.317579	11.577135	3.383292	15.036652	0.133810	32.342444	15.100000	10.591296	5.669436	21.746733	2.876641	10.466885	0.253648	21.848643	15.040000	16.926021	4.128235	36.290119	2.701560	6.907587	0.243595	13.199446	19.140000	2.664587	1.994183	7.048100	1.300863	2.898956	0.080278	5.294149	12.520000	2.229686	1.877032	4.515515	1.138253	2.787260	0.030613	5.244342	11.940000	
9.000000	8.480813	5.484908	8.802472	2.653657	11.165389	0.112636	23.923409	15.260000	8.091306	4.627306	17.115861	2.361162	8.637018	0.055687	18.007850	14.760000	16.239387	3.457647	36.304745	2.352326	5.693049	0.400713	10.631163	18.500000	2.097919	1.753500	3.615294	1.154003	2.538980	0.066244	4.615121	12.940000	1.963518	1.628719	4.498552	0.975252	2.421614	0.015851	4.590324	12.060000	
10.000000	6.670975	4.444062	6.889106	2.138039	8.713168	0.193068	18.534926	14.860000	6.678039	3.895356	15.154376	2.009166	7.068445	0.100916	14.641171	14.560000	15.755158	3.058022	36.367113	2.077799	4.888959	0.366270	9.087937	18.340000	1.971716	1.585408	5.369515	1.050572	2.264779	0.038217	4.078586	12.100000	1.851599	1.476397	5.537393	0.877453	2.183264	0.005288	4.128582	11.560000	
11.000000	5.725133	3.741183	5.982738	1.868600	7.512420	0.103604	15.977636	15.120000	5.720397	3.383115	12.429541	1.791480	6.433542	0.056183	13.343510	15.500000	16.328083	2.873736	36.744984	1.990478	4.575557	0.254232	8.425132	18.400000	1.784048	1.473641	4.329771	0.980695	2.113480	0.111728	3.795564	12.960000	1.763169	1.363094	5.865684	0.789155	2.044216	0.004093	3.919771	11.980000	
12.000000	5.541030	3.793584	5.600798	1.888360	7.217925	0.072585	15.209152	14.940000	6.062865	3.585647	13.653164	1.841420	6.566073	0.056540	13.643518	14.680000	16.012832	2.931108	36.632274	1.969042	4.678304	0.206712	8.635761	18.220000	1.852746	1.525246	3.941814	1.006057	2.239895	0.030534	4.079294	12.200000	1.706617	1.405596	4.240678	0.825393	2.142637	0.002591	4.104848	11.840000	
13.000000	4.753508	3.289986	4.689944	1.685349	6.242365	0.028216	13.041862	14.780000	4.864920	3.083984	9.856789	1.636074	5.625565	0.108334	11.605844	14.780000	15.933315	2.667402	36.834930	1.800881	4.229943	0.335682	7.778543	18.060000	1.666386	1.390478	3.581339	0.901178	2.052388	0.088587	3.769154	11.840000	1.778843	1.305103	7.148468	0.744592	1.972725	0.004470	3.794236	11.340000	
14.000000	4.529520	3.185842	4.326671	1.573536	5.997595	0.057222	12.628614	14.820000	5.054557	3.091428	11.375575	1.594621	5.766927	0.128354	12.018488	14.940000	16.094690	2.669236	36.380447	1.829323	4.276054	0.276656	7.862648	18.600000	1.690826	1.377077	4.298178	0.898911	2.046739	0.049688	3.767441	11.780000	1.674466	1.289470	5.950944	0.732425	1.974738	0.003595	3.837122	11.020000	
15.000000	4.048266	2.914721	3.855934	1.461860	5.314397	0.087004	11.079480	14.640000	4.345538	2.813629	8.641226	1.455548	5.166540	0.082905	10.720418	14.880000	15.842499	2.404677	37.024991	1.686013	3.797001	0.172408	6.946360	18.440000	1.585478	1.302241	4.298703	0.848267	1.898013	0.046320	3.471277	11.800000	1.563807	1.206980	5.528016	0.676357	1.822496	0.006881	3.533587	11.140000	
16.000000	3.884392	2.754938	3.716199	1.392041	5.147560	0.091713	10.778892	14.840000	4.212541	2.712914	8.423204	1.425289	4.990521	0.089850	10.321883	15.120000	15.467803	2.335177	36.539251	1.603063	3.639550	0.191240	6.651618	18.140000	1.497102	1.233174	4.179419	0.808713	1.798516	0.039951	3.282394	11.760000	1.516122	1.139488	5.987114	0.659460	1.736815	0.005249	3.352024	11.660000	
17.000000	3.848157	2.747957	3.568826	1.368534	5.164309	0.081471	10.837758	14.580000	4.492794	2.757366	9.548712	1.403336	5.168202	0.057352	10.813370	15.120000	16.380854	2.438577	37.533890	1.673829	3.914337	0.239132	7.244568	18.660000	1.513674	1.299683	3.198260	0.827417	1.880783	0.060616	3.451711	11.820000	1.719217	1.180534	7.331609	0.678378	1.810241	0.003270	3.504443	11.160000	
18.000000	3.747397	2.714977	3.487369	1.386928	4.960794	0.061639	10.306746	14.360000	4.450249	2.709943	10.106615	1.396803	5.191186	0.045026	10.819960	14.400000	15.713895	2.315930	36.693571	1.587775	3.578712	0.157989	6.541704	18.280000	1.527023	1.213395	4.799100	0.786692	1.781576	0.067141	3.273494	12.200000	1.621741	1.134864	6.853718	0.641847	1.718401	0.000836	3.329195	11.320000	
19.000000	3.449630	2.486808	3.155947	1.277542	4.619626	0.071236	9.627952	14.400000	4.109619	2.627510	9.210624	1.321284	4.722556	0.019770	9.814900	14.700000	15.364814	2.200485	35.817750	1.504221	3.414272	0.231996	6.274873	18.580000	1.521693	1.174779	5.587225	0.754249	1.728338	0.058523	3.188237	11.880000	1.531627	1.084326	6.768438	0.613347	1.661377	0.000134	3.227320	11.380000	
20.000000	3.297769	2.338911	3.066009	1.197467	4.300174	0.055432	8.943852	15.540000	3.981143	2.462994	8.501396	1.262953	4.656195	0.053852	9.731970	15.240000	16.419800	2.153476	37.558421	1.459421	3.437436	0.245441	6.401275	18.640000	1.400909	1.120248	4.186331	0.742750	1.666550	0.071621	3.047779	12.240000	1.385501	1.032607	5.843777	0.595916	1.594241	0.005023	3.085621	11.460000	
21.000000	3.145109	2.319637	2.823768	1.154652	4.178862	0.058889	8.672291	14.880000	3.961168	2.419864	9.617289	1.210236	4.451267	0.046394	9.292708	15.140000	15.450417	2.082135	36.267935	1.422755	3.255030	0.202792	5.749139	18.500000	1.294578	1.088194	3.144676	0.694881	1.621475	0.069857	3.010985	11.760000	1.534939	1.000471	7.627069	0.552844	1.541567	0.001875	3.021144	11.360000	
22.000000	3.048716	2.253448	2.676599	1.105684	4.123301	0.067361	8.644378	14.920000	3.831091	2.368212	9.182498	1.201702	4.480195	0.082249	9.394657	14.540000	15.529440	1.993171	37.064043	1.379377	3.126307	0.224582	5.597149	18.180000	1.350337	1.090414	4.318152	0.697809	1.592378	0.044872	2.922527	12.140000	1.441147	0.984997	7.015723	0.564277	1.551337	0.006418	3.024658	11.300000	
23.000000	2.930348	2.121975	2.671704	1.076441	3.886647	0.054650	8.099725	15.060000	3.626928	2.215269	8.595779	1.126782	4.166626	0.073643	8.723547	14.980000	15.702590	1.912001	36.858246	1.327828	3.082271	0.185397	5.707402	18.680000	1.329691	1.028180	5.028372	0.670162	1.516312	0.035214	2.779635	11.580000	1.365115	0.935036	6.564305	0.526122	1.448708	0.005945	2.828120	11.540000	
24.000000	2.870198	2.083838	2.566865	1.070625	3.847867	0.098214	8.000789	14.480000	3.783340	2.317499	8.963131	1.155146	4.328511	0.071292	9.080315	15.200000	15.152301	1.928458	36.637729	1.299090	3.022880	0.207812	5.561923	17.860000	1.228174	1.034754	2.609520	0.654623	1.519977	0.037308	2.813895	12.320000	1.406189	0.935759	6.193416	0.539143	1.457245	0.004823	2.826242	11.740000	
25.000000	2.737583	2.020746	2.460148	0.988698	3.662908	0.053210	7.668252	14.460000	3.514415	2.197115	7.595440	1.044906	4.240537	0.048951	9.031271	14.680000	16.538695	1.879236	38.375182	1.276356	3.026169	0.155154	5.528382	18.400000	1.223441	0.977688	4.459555	0.623219	1.442806	0.035224	2.668290	12.440000	1.681975	0.900077	9.992182	0.503889	1.397387	0.002802	2.734301	11.980000	
26.000000	2.650679	1.929174	2.378493	0.982936	3.560834	0.037576	7.422820	14.120000	3.346613	2.107551	6.970014	1.062483	4.026752	0.060808	8.456927	15.120000	15.583158	1.831002	36.919455	1.251663	2.837195	0.189640	5.193036	18.400000	1.101526	0.969813	1.408892	0.609938	1.444167	0.054615	2.687217	11.860000	1.402275	0.895364	7.728312	0.500324	1.388660	0.002770	2.708179	11.420000	
27.000000	2.655558	1.995790	2.354176	1.018630	3.554670	0.034375	7.330796	14.620000	3.413159	2.153320	8.087818	1.085055	3.993110	0.031449	8.353509	15.160000	15.708415	1.827371	37.308693	1.245392	2.953589	0.177086	5.463654	18.920000	1.238997	0.965277	4.365901	0.604500	1.458583	0.033360	2.738306	12.320000	1.117884	0.889313	3.226372	0.493650	1.391302	0.002717	2.737373	11.780000	
28.000000	2.551286	1.901931	2.220836	0.970224	3.491701	0.047810	7.270803	13.360000	3.588837	2.112158	9.842004	1.048543	4.076920	0.065038	8.611129	14.680000	16.557361	1.827577	38.040212	1.247259	2.970816	0.074749	5.532254	18.960000	1.204828	0.955916	4.321720	0.593545	1.409345	0.019475	2.630490	11.620000	1.385942	0.872997	7.457383	0.479580	1.366922	0.001402	2.697030	10.860000	
29.000000	2.559568	1.907431	2.259890	0.980196	3.405958	0.048866	7.032853	14.000000	3.383119	2.139987	7.080852	1.066599	4.040361	0.052484	8.496963	14.600000	14.680640	1.726782	36.184804	1.182727	2.681068	0.141943	4.906229	18.180000	1.104735	0.938470	2.655732	0.601003	1.378111	0.038594	2.529702	12.880000	1.272709	0.863723	6.339874	0.493347	1.346011	0.000665	2.623250	11.400000	
30.000000	2.472945	1.842387	2.190864	0.946756	3.317537	0.051117	6.867255	14.120000	3.408853	2.044356	8.483921	1.024233	3.887905	0.065305	8.168441	15.180000	16.146328	1.711949	38.205061	1.142725	2.787074	0.225832	5.222389	18.700000	1.084227	0.885016	2.591727	0.576191	1.315502	0.013982	2.423467	12.900000	1.450325	0.814529	8.613665	0.472582	1.267647	0.004325	2.458175	12.560000	
31.000000	2.339155	1.734202	2.053099	0.901462	3.135074	0.057367	6.465233	14.020000	3.269201	1.974911	8.351650	0.958797	3.775637	0.044605	7.992548	15.340000	15.234767	1.671156	36.358207	1.128308	2.686551	0.160360	4.975826	18.500000	1.082661	0.873559	2.885367	0.549874	1.292058	0.031422	2.404445	12.800000	1.241797	0.794049	6.714791	0.446639	1.239498	0.005260	2.427652	12.360000	
32.000000	2.304284	1.721780	2.019778	0.887371	3.064318	0.059798	6.313550	14.620000	3.214627	1.917020	7.706829	0.963109	3.767443	0.062235	7.958363	15.180000	16.414710	1.656623	37.974789	1.120654	2.728476	0.144687	5.069232	19.000000	1.036613	0.865702	2.871083	0.548645	1.295098	0.045916	2.414381	12.520000	1.268467	0.786903	7.281314	0.428463	1.249158	0.002058	2.477429	11.900000	
33.000000	2.280007	1.648371	2.047952	0.846582	3.035632	0.039220	6.291817	14.780000	3.286575	1.912236	8.788246	0.925588	3.732450	0.041180	7.937752	14.860000	15.246767	1.630517	36.530097	1.103174	2.522401	0.194375	4.644229	18.480000	1.092045	0.848375	4.280954	0.529319	1.260428	0.032785	2.356107	12.100000	1.451012	0.766127	9.221821	0.429692	1.202189	0.003126	2.359140	11.400000	
34.000000	2.257254	1.692046	1.944854	0.854623	3.030517	0.051311	6.288418	14.680000	3.098563	1.936989	6.395790	0.945996	3.722726	0.054187	7.887802	15.520000	14.580443	1.567335	35.721691	1.075594	2.472286	0.127643	4.541850	18.480000	1.068436	0.839660	4.207264	0.527475	1.241220	0.038052	2.307506	12.120000	1.256845	0.771921	7.481076	0.439177	1.191801	0.001188	2.316722	12.000000	
35.000000	2.224216	1.642237	1.921801	0.858674	2.993321	0.055745	6.190679	14.360000	3.142369	1.969061	6.796305	0.958451	3.827372	0.051078	8.127884	15.060000	14.061271	1.536852	34.996583	1.047833	2.454160	0.082745	4.525822	17.680000	1.011293	0.839020	3.093528	0.531277	1.248959	0.054428	2.324449	11.760000	1.331752	0.765978	8.417111	0.435647	1.195654	0.001980	2.335380	11.760000	
36.000000	2.190528	1.657400	1.874776	0.829528	2.977308	0.039661	6.191447	13.760000	3.082150	1.932199	7.115042	0.944846	3.783899	0.048521	8.039707	14.600000	15.293508	1.568674	36.419710	1.052550	2.492898	0.088895	4.617095	18.700000	1.020836	0.814542	3.353669	0.520854	1.224094	0.035584	2.276810	12.720000	1.292352	0.750431	7.785192	0.427380	1.176111	0.001522	2.298193	12.500000	
37.000000	2.159857	1.620076	1.917565	0.801955	2.905262	0.009024	6.047863	14.160000	3.208524	1.890105	8.646650	0.914206	3.710325	0.033337	7.895280	15.040000	15.707850	1.509317	37.844601	1.010041	2.470738	0.061502	4.635893	18.460000	1.055066	0.786885	4.718383	0.502268	1.181899	0.042239	2.201314	12.160000	1.261508	0.711370	7.831699	0.400247	1.138382	0.002505	2.244890	12.220000	
38.000000	2.049428	1.552196	1.781228	0.772438	2.781780	0.037469	5.786611	13.940000	2.824835	1.785663	5.171331	0.848947	3.520723	0.038825	7.521982	15.040000	15.199325	1.526336	35.961773	1.032664	2.494390	0.088298	4.621979	18.640000	1.071856	0.796971	4.728015	0.499724	1.197571	0.026096	2.243750	12.280000	1.204954	0.731085	6.990951	0.402050	1.160197	0.002266	2.291299	11.580000	
39.000000	2.065487	1.530852	1.799301	0.768844	2.833489	0.035135	5.922791	13.880000	2.951355	1.846321	6.714086	0.890959	3.650233	0.009646	7.781832	14.360000	15.241885	1.502421	36.030928	1.015337	2.439693	0.120056	4.551981	18.940000	0.990691	0.776122	3.619878	0.489758	1.177547	0.027653	2.208867	11.680000	1.366027	0.710971	8.882232	0.392627	1.125775	0.000558	2.223160	12.120000	
40.000000	2.022351	1.515346	1.759752	0.750656	2.735367	0.016159	5.711064	14.240000	3.059613	1.801612	7.748181	0.873518	3.639440	0.024652	7.759105	14.900000	14.327332	1.467815	35.485512	0.998036	2.305142	0.143051	4.186016	18.440000	1.104784	0.766373	5.959693	0.484865	1.150672	0.050632	2.147931	12.960000	1.363275	0.701390	8.889948	0.394998	1.115136	0.000632	2.192943	12.380000	
41.000000	2.044308	1.549190	1.734042	0.754821	2.807237	0.035931	5.881000	13.960000	2.936318	1.840549	5.699359	0.847319	3.670543	0.045677	7.893851	14.920000	14.865183	1.449222	36.705359	0.968340	2.268820	0.108883	4.198073	17.900000	0.966213	0.773572	3.681447	0.489897	1.166393	0.043245	2.179426	12.380000	1.227591	0.719198	7.597194	0.407759	1.138480	0.001027	2.230471	11.800000	
42.000000	1.971981	1.463400	1.730443	0.760699	2.649707	0.015148	5.470654	14.060000	3.017787	1.772337	8.008708	0.835370	3.555715	0.025433	7.591630	14.320000	14.930755	1.424244	35.407503	0.972136	2.332452	0.147422	4.166986	18.620000	0.992714	0.760460	4.556738	0.486922	1.133618	0.039664	2.098441	12.740000	1.243681	0.701340	7.714525	0.400849	1.095495	0.000153	2.136606	12.440000	
43.000000	1.947536	1.439582	1.702254	0.754439	2.609083	0.018076	5.386052	14.360000	2.900402	1.778032	7.115269	0.836969	3.451275	0.040360	7.372681	14.760000	15.116696	1.428230	35.966423	0.964717	2.284277	0.166915	4.257896	19.080000	0.973430	0.760432	4.208654	0.473635	1.120985	0.024678	2.085676	12.240000	1.286945	0.698680	8.238610	0.377799	1.085612	0.001823	2.146308	11.640000	
44.000000	1.857247	1.377594	1.592648	0.713401	2.581098	0.025070	5.377811	14.180000	2.687542	1.644601	6.190959	0.781051	3.318014	0.030103	7.120498	14.840000	15.742505	1.388951	38.218033	0.929005	2.198067	0.077797	4.054510	18.480000	1.053110	0.720639	4.797315	0.453590	1.086618	0.030884	2.034131	12.920000	1.170951	0.657699	7.710047	0.369598	1.044502	0.001243	2.055555	12.740000	
45.000000	1.843935	1.386365	1.602370	0.683248	2.494746	0.017908	5.209002	14.500000	2.602594	1.658410	4.409020	0.783898	3.328524	0.016182	7.132048	15.140000	15.643630	1.338977	37.511634	0.906244	2.170500	0.149398	4.039214	18.780000	0.967139	0.708088	4.507073	0.447086	1.075535	0.006786	2.015708	12.080000	1.513227	0.657914	10.716196	0.371864	1.041712	0.001919	2.043116	12.160000	
46.000000	1.810577	1.317132	1.571030	0.674976	2.475379	0.039486	5.169773	14.400000	2.644941	1.653988	5.601859	0.786680	3.304139	0.044563	7.023323	15.140000	15.212992	1.321741	36.949890	0.913877	2.137248	0.110024	3.816595	18.660000	0.926438	0.699716	3.821590	0.441665	1.063005	0.029704	1.990143	12.280000	1.106965	0.645390	6.604671	0.359783	1.033124	0.001374	2.042524	11.680000	
47.000000	1.813935	1.367491	1.587119	0.678314	2.425225	0.024109	5.043553	14.700000	2.695199	1.692714	5.724298	0.796855	3.281683	0.035819	7.001975	15.480000	14.703303	1.326703	36.478515	0.885446	2.090786	0.122316	3.857529	18.240000	0.906002	0.700703	3.877130	0.443374	1.063723	0.030904	1.991458	12.520000	1.122474	0.642936	7.172236	0.365629	1.039151	0.002047	2.041041	11.420000	
48.000000	1.813336	1.375394	1.546344	0.678177	2.481430	0.012700	5.185858	13.980000	2.940901	1.708245	8.362186	0.779602	3.395021	0.032123	7.313603	14.880000	15.481094	1.342217	37.147337	0.922493	2.133202	0.132188	3.920830	18.760000	0.964563	0.717817	4.223086	0.445347	1.059613	0.033609	1.978268	12.340000	1.140213	0.658020	7.226687	0.357984	1.024582	0.001570	2.023540	11.800000	
49.000000	1.813244	1.364245	1.582635	0.697851	2.425317	0.016075	5.005556	14.580000	3.053167	1.670128	9.179930	0.798427	3.401722	0.033471	7.297749	14.940000	14.380406	1.330265	35.523210	0.893339	2.107558	0.054801	3.907757	18.220000	1.101495	0.697477	6.748830	0.437412	1.058951	0.014399	1.991172	12.680000	1.276967	0.642392	7.953534	0.363034	1.022893	0.000608	2.007741	12.780000	
50.000000	1.805030	1.330585	1.614637	0.657453	2.431873	0.031229	5.079391	14.400000	2.755342	1.685115	5.797671	0.763687	3.377320	0.015909	7.288450	14.960000	15.692659	1.328144	37.508096	0.901349	2.157712	0.095631	4.034066	18.760000	0.855260	0.683851	3.118117	0.432187	1.037517	0.026288	1.938031	12.520000	1.044868	0.630227	6.511066	0.343449	1.001464	0.000099	1.987645	11.600000	
