# plotA1.dat
# Data file for GNUPLOT
# Test A. No. of points
# - A.1. Speed (nPts = 6-150, var = 5, outliers = 0 %)
# nPts  	u-DLT   	m-DLT   	p-DLT   	1q-DLT  	3q-DLT  	mn-DLT  	mx-DLT  	SR-DLT  	u-EPN   	m-EPN   	p-EPN   	1q-EPN  	3q-EPN  	mn-EPN  	mx-EPN  	SR-EPN  	u-POS   	m-POS   	p-POS   	1q-POS  	3q-POS  	mn-POS  	mx-POS  	SR-POS  	u-OI    	m-OI    	p-OI    	1q-OI   	3q-OI   	mn-OI   	mx-OI   	SR-OI   	u-LM    	m-LM    	p-LM    	1q-LM   	3q-LM   	mn-LM   	mx-LM   	SR-LM   	
6.000000	0.061248	0.059000	0.011487	0.058000	0.062000	0.053000	0.067000	15.780000	0.062083	0.061000	0.015109	0.055000	0.064000	0.048000	0.077000	9.920000	0.021145	0.015000	0.013395	0.013000	0.022000	0.010000	0.035000	19.880000	0.127873	0.106000	0.072476	0.072000	0.170000	0.023000	0.316000	15.160000	0.112749	0.109000	0.035838	0.100000	0.120000	0.071000	0.149000	18.820000	
7.000000	0.058654	0.057000	0.006859	0.056000	0.060000	0.050000	0.065000	17.540000	0.060820	0.062000	0.008627	0.054000	0.064000	0.049000	0.079000	7.320000	0.022024	0.016000	0.013415	0.013000	0.024000	0.011000	0.040000	18.760000	0.114144	0.097000	0.060725	0.070000	0.141000	0.027000	0.247000	15.180000	0.109689	0.108000	0.029469	0.100000	0.118000	0.074000	0.144000	18.860000	
8.000000	0.059419	0.058000	0.005199	0.056000	0.061000	0.049000	0.068000	13.300000	0.063635	0.063000	0.005933	0.062000	0.065000	0.058000	0.069000	26.640000	0.021441	0.015000	0.013077	0.013000	0.023000	0.010000	0.038000	19.460000	0.105818	0.091000	0.053369	0.069000	0.127000	0.026000	0.214000	15.040000	0.109237	0.111000	0.029119	0.101000	0.121000	0.072000	0.150000	22.400000	
9.000000	0.060423	0.059000	0.005175	0.058000	0.062000	0.053000	0.067000	17.300000	0.064463	0.064000	0.006021	0.062000	0.066000	0.056000	0.072000	22.800000	0.023228	0.016000	0.014036	0.014000	0.026000	0.011000	0.044000	19.360000	0.100588	0.088000	0.048630	0.067000	0.119000	0.028000	0.196000	14.260000	0.110183	0.111000	0.033904	0.101000	0.122000	0.070000	0.153000	20.000000	
10.000000	0.061714	0.060000	0.008899	0.058000	0.063000	0.051000	0.070000	12.580000	0.065483	0.064000	0.010052	0.063000	0.066000	0.059000	0.070000	29.300000	0.023420	0.016000	0.014717	0.014000	0.027000	0.011000	0.046000	19.420000	0.097875	0.086000	0.046326	0.067000	0.115000	0.030000	0.187000	14.280000	0.111967	0.113000	0.032683	0.103000	0.124000	0.072000	0.155000	20.480000	
11.000000	0.061894	0.061000	0.007775	0.059000	0.063000	0.053000	0.069000	17.960000	0.066386	0.066000	0.008209	0.064000	0.068000	0.058000	0.074000	22.080000	0.024913	0.017000	0.015471	0.015000	0.028000	0.011000	0.047000	19.560000	0.095272	0.085000	0.041404	0.068000	0.112000	0.033000	0.178000	13.480000	0.116707	0.118000	0.033438	0.108000	0.129000	0.077000	0.160000	20.780000	
12.000000	0.062437	0.061000	0.008539	0.059000	0.063000	0.053000	0.069000	19.960000	0.067538	0.066000	0.009249	0.065000	0.068000	0.061000	0.072000	17.520000	0.023837	0.017000	0.014947	0.014000	0.026000	0.011000	0.044000	20.000000	0.092402	0.083000	0.038530	0.067000	0.108000	0.030000	0.169000	13.160000	0.118344	0.120000	0.034809	0.109000	0.130000	0.078000	0.161000	20.880000	
13.000000	0.062920	0.061000	0.007276	0.059000	0.064000	0.052000	0.071000	14.020000	0.068197	0.067000	0.007655	0.065000	0.069000	0.059000	0.075000	12.760000	0.025472	0.018000	0.016027	0.015000	0.028000	0.011000	0.047000	19.660000	0.090631	0.083000	0.035692	0.067000	0.105000	0.031000	0.161000	13.860000	0.120280	0.121000	0.036975	0.110000	0.133000	0.076000	0.167000	19.840000	
14.000000	0.063065	0.062000	0.006692	0.060000	0.064000	0.054000	0.070000	19.300000	0.068881	0.067000	0.007499	0.066000	0.069000	0.062000	0.073000	18.340000	0.025347	0.018000	0.015964	0.015000	0.029000	0.011000	0.050000	18.940000	0.090834	0.083000	0.034913	0.068000	0.104000	0.035000	0.157000	14.000000	0.120590	0.122000	0.034360	0.111000	0.133000	0.078000	0.166000	19.580000	
15.000000	0.063525	0.062000	0.005720	0.060000	0.065000	0.053000	0.072000	13.840000	0.068952	0.068000	0.005202	0.066000	0.070000	0.062000	0.076000	11.160000	0.027048	0.019000	0.016869	0.016000	0.031000	0.012000	0.053000	19.920000	0.089968	0.084000	0.030927	0.069000	0.103000	0.034000	0.153000	12.900000	0.122569	0.123000	0.038035	0.113000	0.135000	0.080000	0.168000	18.680000	
16.000000	0.064347	0.063000	0.008980	0.061000	0.066000	0.054000	0.073000	12.540000	0.071085	0.069000	0.009575	0.068000	0.071000	0.064000	0.075000	18.380000	0.030464	0.020000	0.020466	0.017000	0.035000	0.013000	0.062000	19.620000	0.091095	0.084000	0.031680	0.070000	0.105000	0.034000	0.157000	13.460000	0.121784	0.123000	0.033438	0.112000	0.134000	0.079000	0.167000	20.220000	
17.000000	0.064905	0.063000	0.009231	0.061000	0.066000	0.054000	0.073000	14.520000	0.071468	0.070000	0.009176	0.068000	0.072000	0.064000	0.077000	14.740000	0.031692	0.021000	0.021356	0.017000	0.037000	0.013000	0.066000	19.680000	0.090878	0.084000	0.033888	0.070000	0.102000	0.037000	0.149000	14.020000	0.118556	0.122000	0.036969	0.107000	0.134000	0.067000	0.174000	18.520000	
18.000000	0.065537	0.064000	0.009164	0.061000	0.067000	0.052000	0.076000	13.920000	0.072570	0.070000	0.010068	0.069000	0.073000	0.064000	0.078000	16.640000	0.031807	0.021000	0.021271	0.017000	0.038000	0.013000	0.069000	19.580000	0.090499	0.085000	0.030448	0.071000	0.103000	0.034000	0.151000	13.120000	0.120194	0.124000	0.036280	0.109000	0.136000	0.069000	0.176000	18.200000	
19.000000	0.066097	0.064000	0.009173	0.062000	0.067000	0.055000	0.074000	15.200000	0.073563	0.071000	0.009841	0.070000	0.074000	0.066000	0.079000	14.840000	0.033683	0.023000	0.022326	0.018000	0.042000	0.013000	0.078000	19.600000	0.090910	0.086000	0.029212	0.073000	0.103000	0.040000	0.148000	13.100000	0.122879	0.127000	0.040301	0.107000	0.139000	0.059000	0.187000	11.160000	
20.000000	0.065912	0.064000	0.008612	0.062000	0.067000	0.055000	0.074000	14.360000	0.073272	0.071000	0.009154	0.070000	0.073000	0.066000	0.077000	18.940000	0.032611	0.021000	0.022046	0.017000	0.039000	0.013000	0.072000	19.920000	0.090282	0.085000	0.030831	0.072000	0.102000	0.042000	0.147000	12.960000	0.123880	0.128000	0.042515	0.109000	0.140000	0.063000	0.186000	13.160000	
21.000000	0.066533	0.065000	0.009094	0.063000	0.068000	0.056000	0.075000	14.160000	0.074764	0.072000	0.009748	0.071000	0.075000	0.065000	0.081000	17.820000	0.034420	0.023000	0.023227	0.018000	0.042000	0.014000	0.078000	19.800000	0.091482	0.087000	0.027915	0.073000	0.104000	0.041000	0.150000	12.280000	0.125849	0.130000	0.043663	0.109000	0.143000	0.059000	0.193000	10.100000	
22.000000	0.066866	0.065000	0.010013	0.063000	0.068000	0.056000	0.075000	14.240000	0.074646	0.072000	0.010519	0.071000	0.075000	0.067000	0.081000	14.980000	0.033970	0.022000	0.023328	0.018000	0.041000	0.014000	0.075000	19.600000	0.090749	0.086000	0.027412	0.073000	0.102000	0.036000	0.145000	12.900000	0.128906	0.132000	0.048408	0.113000	0.144000	0.067000	0.190000	15.340000	
23.000000	0.066991	0.065000	0.007674	0.063000	0.069000	0.054000	0.078000	11.020000	0.074842	0.073000	0.007948	0.072000	0.075000	0.069000	0.079000	17.700000	0.034967	0.023000	0.023173	0.019000	0.042000	0.015000	0.076000	19.840000	0.091134	0.087000	0.026179	0.075000	0.103000	0.036000	0.145000	12.400000	0.127922	0.133000	0.044391	0.111000	0.145000	0.061000	0.195000	10.020000	
24.000000	0.067005	0.065000	0.007975	0.063000	0.069000	0.055000	0.078000	10.620000	0.075039	0.073000	0.008376	0.072000	0.075000	0.068000	0.079000	18.760000	0.034932	0.023000	0.023455	0.019000	0.041000	0.014000	0.074000	19.640000	0.091788	0.088000	0.025106	0.075000	0.103000	0.041000	0.145000	13.200000	0.128199	0.133000	0.041897	0.112000	0.146000	0.062000	0.196000	10.260000	
25.000000	0.067527	0.066000	0.009314	0.064000	0.069000	0.057000	0.076000	13.380000	0.075863	0.074000	0.009740	0.073000	0.076000	0.069000	0.080000	16.580000	0.036160	0.024000	0.024369	0.019000	0.043000	0.015000	0.078000	19.480000	0.092025	0.087500	0.026225	0.076000	0.103000	0.043000	0.143000	12.300000	0.132232	0.135000	0.049140	0.118000	0.148000	0.073000	0.193000	18.020000	
26.000000	0.067890	0.066000	0.008387	0.064000	0.069000	0.057000	0.076000	15.020000	0.076186	0.074000	0.008670	0.073000	0.076000	0.069000	0.080000	18.720000	0.036564	0.024000	0.024911	0.019000	0.045000	0.015000	0.083000	20.020000	0.092997	0.089000	0.025693	0.077000	0.104000	0.045000	0.144000	12.560000	0.134238	0.138000	0.048593	0.117000	0.151000	0.067000	0.201000	12.620000	
27.000000	0.067798	0.066000	0.005696	0.064000	0.070000	0.055000	0.079000	10.400000	0.076600	0.075000	0.005899	0.074000	0.077000	0.070000	0.081000	18.440000	0.037328	0.025000	0.024719	0.020000	0.045000	0.015000	0.082000	20.120000	0.092593	0.089000	0.023613	0.077000	0.103000	0.042000	0.142000	12.840000	0.134367	0.140000	0.042135	0.119000	0.153000	0.068000	0.204000	12.100000	
28.000000	0.068321	0.067000	0.007512	0.064000	0.070000	0.055000	0.079000	11.500000	0.076775	0.075000	0.007978	0.074000	0.077000	0.070000	0.081000	16.820000	0.038210	0.025000	0.026243	0.020000	0.048000	0.014000	0.090000	19.960000	0.094017	0.091000	0.024991	0.078000	0.104000	0.047000	0.143000	12.900000	0.134267	0.138000	0.043526	0.120000	0.151000	0.074000	0.197000	15.720000	
29.000000	0.068974	0.067000	0.009056	0.065000	0.070000	0.058000	0.077000	14.700000	0.078056	0.076000	0.010491	0.075000	0.078000	0.071000	0.082000	16.100000	0.038865	0.026000	0.027059	0.020000	0.047000	0.015000	0.087000	19.660000	0.095268	0.091000	0.025563	0.079000	0.106000	0.046000	0.146000	11.820000	0.137942	0.141000	0.049766	0.121000	0.155000	0.070000	0.205000	12.620000	
30.000000	0.068940	0.068000	0.005946	0.065000	0.071000	0.058000	0.079000	14.020000	0.077782	0.076000	0.006369	0.075000	0.078000	0.071000	0.082000	18.020000	0.039222	0.026000	0.026756	0.020000	0.050000	0.015000	0.095000	20.420000	0.094716	0.092000	0.022320	0.080000	0.105000	0.047000	0.142000	12.140000	0.136999	0.141000	0.045856	0.121000	0.155000	0.070000	0.206000	11.200000	
31.000000	0.069740	0.068000	0.010275	0.066000	0.071000	0.059000	0.078000	14.340000	0.079196	0.077000	0.011414	0.076000	0.079000	0.072000	0.083000	17.920000	0.041102	0.027000	0.027946	0.021000	0.054000	0.015000	0.103000	20.160000	0.096426	0.092000	0.026404	0.081000	0.106000	0.046000	0.143000	13.040000	0.140336	0.143000	0.047768	0.125000	0.157000	0.077000	0.205000	16.460000	
32.000000	0.069087	0.067000	0.007632	0.065000	0.071000	0.057000	0.079000	13.380000	0.079702	0.078000	0.008195	0.076000	0.080000	0.073000	0.086000	17.440000	0.040506	0.027000	0.027368	0.021000	0.052000	0.016000	0.098000	19.620000	0.095721	0.092000	0.023165	0.081000	0.107000	0.045000	0.146000	11.780000	0.137225	0.142000	0.042252	0.122000	0.156000	0.071000	0.207000	14.300000	
33.000000	0.069324	0.068000	0.006889	0.066000	0.071000	0.059000	0.078000	14.280000	0.080426	0.079000	0.007607	0.077000	0.081000	0.073000	0.087000	16.920000	0.041742	0.028000	0.027451	0.022000	0.053000	0.016000	0.099000	19.480000	0.096248	0.093000	0.025642	0.081000	0.106000	0.049000	0.143000	12.160000	0.139724	0.144000	0.044868	0.123000	0.158000	0.071000	0.210000	11.800000	
34.000000	0.069512	0.068000	0.007900	0.066000	0.071000	0.059000	0.078000	14.860000	0.080787	0.079000	0.008546	0.078000	0.081000	0.074000	0.085000	18.040000	0.043287	0.028000	0.029709	0.022000	0.058000	0.017000	0.112000	20.000000	0.098612	0.095000	0.025331	0.083000	0.109000	0.046000	0.148000	12.320000	0.142527	0.146000	0.051445	0.125000	0.160000	0.073000	0.212000	12.660000	
35.000000	0.070435	0.068000	0.009417	0.066000	0.072000	0.058000	0.080000	13.800000	0.082386	0.080000	0.011780	0.078000	0.082000	0.073000	0.088000	18.860000	0.044100	0.029000	0.029556	0.023000	0.057000	0.016000	0.108000	19.680000	0.099983	0.096000	0.026363	0.084000	0.110000	0.052000	0.149000	12.580000	0.147283	0.149000	0.057536	0.130000	0.163000	0.081000	0.212000	18.220000	
36.000000	0.070469	0.069000	0.009449	0.066000	0.072000	0.058000	0.080000	14.400000	0.082089	0.080000	0.010763	0.078000	0.082000	0.074000	0.088000	18.520000	0.042827	0.028000	0.029321	0.022000	0.057000	0.016000	0.109000	19.920000	0.099632	0.096000	0.024633	0.084000	0.110000	0.047000	0.149000	12.280000	0.145501	0.148000	0.055561	0.126000	0.163000	0.071000	0.217000	10.980000	
37.000000	0.071108	0.069000	0.009341	0.067000	0.073000	0.059000	0.081000	13.540000	0.082960	0.081000	0.010029	0.079000	0.083000	0.075000	0.089000	18.740000	0.043890	0.029000	0.030341	0.023000	0.053000	0.017000	0.098000	19.720000	0.101008	0.097000	0.024802	0.086000	0.112000	0.051000	0.151000	12.260000	0.151019	0.154000	0.055901	0.132000	0.169000	0.077000	0.224000	12.560000	
38.000000	0.070705	0.069000	0.005859	0.067000	0.073000	0.059000	0.081000	13.200000	0.082505	0.081000	0.006294	0.079000	0.083000	0.075000	0.089000	17.620000	0.044206	0.029000	0.030087	0.023000	0.057000	0.017000	0.108000	20.260000	0.100551	0.098000	0.021315	0.086000	0.111000	0.052000	0.148000	11.840000	0.151443	0.156000	0.051287	0.136000	0.170000	0.085000	0.221000	17.980000	
39.000000	0.071808	0.070000	0.008806	0.068000	0.074000	0.060000	0.082000	13.560000	0.083931	0.082000	0.009858	0.080000	0.084000	0.077000	0.090000	15.480000	0.046273	0.030000	0.031307	0.024000	0.063000	0.018000	0.121000	19.760000	0.102199	0.098000	0.024849	0.087000	0.113000	0.054000	0.152000	11.900000	0.154654	0.158000	0.055122	0.137000	0.174000	0.082000	0.229000	14.940000	
40.000000	0.071215	0.070000	0.005812	0.068000	0.073000	0.061000	0.080000	14.820000	0.083368	0.082000	0.006239	0.080000	0.084000	0.076000	0.090000	13.640000	0.045778	0.030000	0.031131	0.023000	0.060000	0.017000	0.115000	19.980000	0.102208	0.100000	0.020105	0.088000	0.113000	0.051000	0.150000	12.220000	0.153572	0.158000	0.051779	0.135000	0.173000	0.079000	0.229000	11.380000	
41.000000	0.072451	0.070000	0.010366	0.068000	0.074000	0.061000	0.082000	13.680000	0.085109	0.083000	0.011953	0.081000	0.085000	0.077000	0.091000	14.760000	0.046573	0.030000	0.032284	0.024000	0.058000	0.018000	0.109000	19.760000	0.103813	0.100000	0.026998	0.089000	0.113000	0.056000	0.149000	12.980000	0.158097	0.161000	0.059783	0.140000	0.176000	0.087000	0.229000	16.120000	
42.000000	0.072253	0.071000	0.007246	0.068000	0.074000	0.060000	0.082000	14.780000	0.085922	0.084000	0.008466	0.082000	0.086000	0.079000	0.091000	20.000000	0.048939	0.032000	0.034681	0.024000	0.061000	0.018000	0.116000	19.800000	0.108282	0.105000	0.023653	0.093000	0.120000	0.055000	0.160000	10.840000	0.158409	0.162000	0.056563	0.139000	0.178000	0.081000	0.236000	11.520000	
43.000000	0.072751	0.071000	0.008718	0.069000	0.074000	0.062000	0.081000	15.960000	0.087244	0.085000	0.010728	0.083000	0.087000	0.080000	0.092000	19.900000	0.051586	0.033000	0.036239	0.026000	0.066000	0.019000	0.126000	19.760000	0.109148	0.106000	0.023233	0.094000	0.120000	0.057000	0.158000	11.960000	0.159773	0.163000	0.053676	0.141000	0.179000	0.084000	0.236000	14.520000	
44.000000	0.072474	0.071000	0.005763	0.069000	0.074000	0.062000	0.081000	16.340000	0.086707	0.085000	0.006347	0.084000	0.088000	0.080000	0.093000	15.720000	0.051601	0.033000	0.036260	0.025000	0.068000	0.018000	0.132000	19.940000	0.109269	0.106000	0.023096	0.094000	0.121000	0.056000	0.161000	11.100000	0.161076	0.164000	0.061950	0.143000	0.179000	0.089000	0.232000	15.560000	
45.000000	0.073393	0.072000	0.008684	0.069000	0.075000	0.061000	0.083000	15.040000	0.087753	0.085000	0.010396	0.084000	0.088000	0.080000	0.093000	18.280000	0.052015	0.034000	0.037341	0.026000	0.064000	0.019000	0.121000	19.400000	0.110776	0.108000	0.026817	0.096000	0.121000	0.059000	0.158000	11.600000	0.161169	0.166000	0.049533	0.144000	0.182000	0.087000	0.239000	15.720000	
46.000000	0.073689	0.072000	0.007944	0.070000	0.075000	0.063000	0.082000	16.240000	0.088264	0.086000	0.009820	0.084000	0.088000	0.080000	0.093000	19.900000	0.053127	0.034000	0.038002	0.026000	0.073000	0.019000	0.140000	20.420000	0.111738	0.108000	0.025041	0.096000	0.123000	0.062000	0.163000	11.420000	0.164140	0.168000	0.057881	0.146000	0.184000	0.089000	0.241000	15.120000	
47.000000	0.073954	0.072000	0.009993	0.070000	0.076000	0.062000	0.084000	12.980000	0.089132	0.087000	0.011474	0.085000	0.089000	0.081000	0.094000	19.540000	0.054932	0.035000	0.039085	0.027000	0.073000	0.020000	0.142000	19.980000	0.113160	0.110000	0.024291	0.098000	0.124000	0.063000	0.162000	11.660000	0.166673	0.169000	0.063426	0.147000	0.185000	0.090000	0.242000	15.780000	
48.000000	0.073532	0.072000	0.007139	0.070000	0.075000	0.063000	0.082000	16.140000	0.088189	0.086000	0.008374	0.085000	0.089000	0.081000	0.094000	17.120000	0.052484	0.034000	0.036712	0.026000	0.068000	0.019000	0.131000	20.020000	0.113321	0.111000	0.023582	0.099000	0.124000	0.065000	0.161000	12.500000	0.166268	0.169000	0.060827	0.147000	0.186000	0.089000	0.244000	14.340000	
49.000000	0.074394	0.073000	0.008833	0.070000	0.076000	0.062000	0.084000	14.540000	0.089528	0.087000	0.010821	0.086000	0.090000	0.082000	0.096000	17.960000	0.055168	0.036000	0.038306	0.027000	0.075000	0.020000	0.147000	19.880000	0.116346	0.113000	0.027183	0.101000	0.127000	0.065000	0.165000	12.440000	0.170831	0.175000	0.062134	0.150000	0.190000	0.090000	0.250000	13.800000	
50.000000	0.074857	0.073000	0.010479	0.071000	0.076000	0.064000	0.083000	16.100000	0.090088	0.087000	0.012303	0.086000	0.090000	0.081000	0.096000	18.980000	0.054853	0.035000	0.039632	0.027000	0.074000	0.019000	0.144000	19.860000	0.116317	0.113000	0.027604	0.101000	0.127000	0.065000	0.165000	11.640000	0.171718	0.173000	0.060986	0.151000	0.190000	0.093000	0.248000	15.260000	
51.000000	0.074921	0.073000	0.007886	0.071000	0.077000	0.062000	0.086000	14.160000	0.090284	0.088000	0.009210	0.087000	0.091000	0.082000	0.097000	17.820000	0.056041	0.036000	0.039478	0.028000	0.074000	0.021000	0.143000	20.420000	0.115680	0.113000	0.024980	0.101000	0.127000	0.063000	0.165000	11.640000	0.172896	0.175000	0.065581	0.153000	0.192000	0.095000	0.250000	15.720000	
52.000000	0.075093	0.073000	0.008996	0.071000	0.077000	0.062000	0.086000	13.940000	0.090204	0.088000	0.010474	0.086000	0.090000	0.082000	0.096000	19.840000	0.056185	0.036000	0.040468	0.027000	0.074000	0.019000	0.144000	20.460000	0.116983	0.114000	0.025152	0.102000	0.128000	0.065000	0.167000	10.980000	0.174256	0.176000	0.060551	0.157000	0.194000	0.102000	0.249000	17.400000	
53.000000	0.075044	0.074000	0.005880	0.071000	0.077000	0.062000	0.086000	14.560000	0.091154	0.089000	0.006637	0.088000	0.092000	0.083000	0.098000	17.700000	0.058078	0.037000	0.040630	0.028000	0.080000	0.020000	0.155000	20.120000	0.117723	0.115000	0.021976	0.103000	0.129000	0.066000	0.168000	11.160000	0.175643	0.179000	0.061368	0.158000	0.196000	0.101000	0.253000	17.880000	
54.000000	0.076040	0.074000	0.010292	0.072000	0.078000	0.064000	0.087000	13.480000	0.091860	0.089000	0.012568	0.088000	0.092000	0.083000	0.098000	18.280000	0.057655	0.036000	0.042067	0.028000	0.075000	0.021000	0.145000	20.140000	0.119690	0.116000	0.026700	0.105000	0.130000	0.068000	0.167000	11.480000	0.177515	0.181000	0.061142	0.159000	0.199000	0.099000	0.259000	15.600000	
55.000000	0.076025	0.074000	0.007990	0.072000	0.078000	0.063000	0.087000	14.440000	0.092167	0.090000	0.009038	0.089000	0.093000	0.085000	0.099000	17.840000	0.059149	0.038000	0.042383	0.029000	0.077000	0.021000	0.149000	20.320000	0.120280	0.117000	0.029848	0.105000	0.131000	0.069000	0.170000	10.700000	0.177390	0.180000	0.071762	0.147000	0.199000	0.071000	0.277000	7.680000	
56.000000	0.076090	0.074000	0.009171	0.072000	0.078000	0.063000	0.087000	14.240000	0.092081	0.090000	0.010677	0.088000	0.092000	0.084000	0.098000	20.580000	0.057421	0.036000	0.041808	0.028000	0.073000	0.021000	0.140000	19.960000	0.120026	0.117000	0.026954	0.105000	0.131000	0.068000	0.170000	10.120000	0.172832	0.177000	0.071555	0.135000	0.195000	0.082000	0.284000	6.600000	
57.000000	0.076318	0.075000	0.005771	0.073000	0.078000	0.066000	0.085000	15.940000	0.092513	0.091000	0.006213	0.089000	0.093000	0.085000	0.099000	19.520000	0.060886	0.039000	0.042936	0.029000	0.082000	0.021000	0.161000	19.980000	0.121009	0.118000	0.025025	0.107000	0.131000	0.071000	0.167000	11.940000	0.168604	0.176000	0.067313	0.128000	0.195000	0.075000	0.294000	4.960000	
58.000000	0.077221	0.075000	0.009786	0.073000	0.079000	0.064000	0.088000	14.020000	0.094311	0.091000	0.012352	0.090000	0.094000	0.086000	0.100000	19.780000	0.059884	0.038000	0.043388	0.028000	0.079000	0.021000	0.155000	20.140000	0.122941	0.119000	0.026953	0.107000	0.133000	0.073000	0.172000	12.080000	0.170701	0.175000	0.069989	0.129000	0.196000	0.083000	0.295000	5.640000	
59.000000	0.077284	0.076000	0.008991	0.073000	0.079000	0.064000	0.088000	15.300000	0.094045	0.092000	0.010881	0.090000	0.094000	0.087000	0.100000	19.380000	0.060340	0.039000	0.042805	0.029000	0.079000	0.022000	0.154000	19.800000	0.122783	0.120000	0.025936	0.108000	0.133000	0.071000	0.170000	11.680000	0.172002	0.177000	0.072468	0.128000	0.197000	0.074000	0.300000	5.480000	
60.000000	0.077171	0.075000	0.009103	0.073000	0.079000	0.064000	0.088000	14.060000	0.093689	0.091000	0.011387	0.090000	0.094000	0.086000	0.100000	18.220000	0.060429	0.038000	0.043746	0.029000	0.083000	0.020000	0.164000	20.080000	0.123451	0.120000	0.026983	0.109000	0.133000	0.073000	0.169000	12.180000	0.172905	0.178000	0.077331	0.127000	0.198000	0.073000	0.302000	4.820000	
61.000000	0.077688	0.076000	0.007850	0.074000	0.080000	0.065000	0.089000	13.480000	0.094631	0.093000	0.009154	0.091000	0.095000	0.087000	0.101000	19.300000	0.062424	0.040000	0.045010	0.030000	0.082000	0.022000	0.160000	20.060000	0.124796	0.122000	0.027059	0.110000	0.135000	0.073000	0.172000	12.200000	0.173731	0.180000	0.074793	0.126000	0.200000	0.079000	0.310000	5.240000	
62.000000	0.078195	0.076000	0.009374	0.074000	0.080000	0.066000	0.089000	14.220000	0.094900	0.092000	0.011481	0.091000	0.095000	0.086000	0.101000	19.980000	0.061417	0.039000	0.044280	0.029000	0.083000	0.020000	0.164000	19.980000	0.125129	0.122000	0.026313	0.110000	0.136000	0.072000	0.175000	10.840000	0.173978	0.180000	0.071648	0.127000	0.201000	0.074000	0.312000	5.260000	
63.000000	0.078110	0.077000	0.007747	0.074000	0.080000	0.066000	0.089000	14.500000	0.095339	0.093000	0.008542	0.092000	0.096000	0.087000	0.102000	19.020000	0.062840	0.040000	0.044772	0.030000	0.082000	0.021000	0.160000	20.260000	0.125481	0.123000	0.025207	0.111000	0.137000	0.072000	0.176000	10.480000	0.177572	0.184000	0.071542	0.132000	0.206000	0.078000	0.315000	5.280000	
64.000000	0.078516	0.077000	0.007587	0.075000	0.080000	0.068000	0.087000	16.540000	0.095364	0.093000	0.008818	0.092000	0.096000	0.088000	0.102000	18.280000	0.062805	0.040000	0.045115	0.030000	0.086000	0.021000	0.166000	20.280000	0.127550	0.124000	0.026043	0.113000	0.139000	0.074000	0.178000	10.880000	0.177982	0.183000	0.074990	0.134000	0.204000	0.078000	0.308000	5.940000	
65.000000	0.078821	0.077000	0.007703	0.075000	0.081000	0.066000	0.090000	13.560000	0.096013	0.094000	0.008671	0.092000	0.097000	0.088000	0.104000	14.980000	0.063698	0.041000	0.045177	0.031000	0.083000	0.023000	0.161000	19.820000	0.128080	0.125000	0.027825	0.113000	0.139000	0.074000	0.178000	11.060000	0.179829	0.186000	0.069614	0.136000	0.207000	0.077000	0.312000	6.000000	
66.000000	0.079899	0.078000	0.012069	0.075000	0.081000	0.066000	0.090000	15.240000	0.096746	0.094000	0.014098	0.092000	0.097000	0.087000	0.104000	15.320000	0.063499	0.040000	0.046583	0.030000	0.085000	0.021000	0.167000	19.640000	0.128747	0.125000	0.028792	0.114000	0.139000	0.078000	0.176000	11.460000	0.181477	0.187000	0.073782	0.132000	0.210000	0.078000	0.324000	5.560000	
67.000000	0.079386	0.078000	0.008592	0.075000	0.081000	0.067000	0.090000	15.040000	0.097531	0.095000	0.010616	0.094000	0.098000	0.090000	0.104000	19.340000	0.065803	0.042000	0.047537	0.032000	0.086000	0.023000	0.166000	20.320000	0.129227	0.126500	0.026282	0.115000	0.140000	0.078000	0.177000	11.280000	0.183251	0.188000	0.080535	0.137000	0.209000	0.080000	0.314000	5.500000	
68.000000	0.079428	0.078000	0.007988	0.075000	0.081000	0.066000	0.090000	15.040000	0.097361	0.095000	0.009457	0.094000	0.098000	0.089000	0.104000	19.240000	0.065352	0.041000	0.047841	0.031000	0.089000	0.022000	0.176000	19.960000	0.129168	0.127000	0.023616	0.115000	0.139000	0.079000	0.175000	11.460000	0.184026	0.190000	0.076491	0.137000	0.213000	0.082000	0.326000	4.680000	
69.000000	0.080285	0.079000	0.009156	0.076000	0.082000	0.068000	0.091000	14.980000	0.098723	0.096000	0.011813	0.095000	0.099000	0.090000	0.105000	20.240000	0.067833	0.043000	0.049068	0.032000	0.090000	0.024000	0.176000	20.240000	0.130978	0.128000	0.025384	0.117000	0.142000	0.080000	0.179000	11.580000	0.185112	0.190000	0.082940	0.135000	0.212000	0.081000	0.325000	5.420000	
70.000000	0.080739	0.079000	0.009203	0.077000	0.083000	0.068000	0.092000	11.580000	0.098525	0.096000	0.011038	0.095000	0.099000	0.090000	0.105000	19.460000	0.066065	0.042000	0.047528	0.031000	0.088000	0.021000	0.172000	19.960000	0.131388	0.129000	0.023900	0.117000	0.142000	0.081000	0.179000	11.680000	0.185403	0.190000	0.082533	0.136000	0.213000	0.094000	0.327000	5.600000	
71.000000	0.080959	0.079000	0.008442	0.077000	0.083000	0.068000	0.092000	12.240000	0.098598	0.096000	0.009556	0.095000	0.099000	0.091000	0.105000	19.900000	0.068201	0.043000	0.048556	0.033000	0.090000	0.024000	0.175000	20.180000	0.132868	0.129000	0.026912	0.118000	0.143000	0.083000	0.180000	11.700000	0.187150	0.194000	0.077992	0.137000	0.216000	0.083000	0.333000	5.360000	
72.000000	0.080984	0.079000	0.010498	0.077000	0.083000	0.068000	0.092000	11.560000	0.098821	0.096000	0.013009	0.095000	0.099000	0.091000	0.105000	19.200000	0.068358	0.044000	0.049931	0.032000	0.093000	0.023000	0.184000	19.920000	0.133483	0.130000	0.026345	0.118000	0.144000	0.079000	0.183000	11.720000	0.190356	0.196000	0.085637	0.143000	0.218000	0.082000	0.330000	5.660000	
73.000000	0.081623	0.080000	0.008549	0.077000	0.083000	0.070000	0.092000	13.680000	0.099429	0.097000	0.009388	0.096000	0.100000	0.091000	0.106000	16.480000	0.068751	0.043000	0.049915	0.033000	0.088000	0.024000	0.170000	19.920000	0.134818	0.131000	0.030401	0.119000	0.145000	0.080000	0.184000	12.420000	0.191077	0.197000	0.080942	0.142000	0.220000	0.083000	0.335000	5.280000	
74.000000	0.081891	0.080000	0.009799	0.078000	0.084000	0.069000	0.093000	11.720000	0.100038	0.097000	0.011900	0.096000	0.100000	0.091000	0.106000	17.280000	0.069412	0.044000	0.050132	0.033000	0.096000	0.023000	0.189000	20.440000	0.135382	0.132000	0.027951	0.121000	0.146000	0.086000	0.183000	11.640000	0.193661	0.201000	0.082746	0.143000	0.223000	0.084000	0.342000	5.220000	
75.000000	0.082115	0.080000	0.009175	0.078000	0.084000	0.069000	0.093000	12.160000	0.100624	0.098000	0.011103	0.097000	0.101000	0.093000	0.107000	17.180000	0.071054	0.045000	0.051112	0.034000	0.095000	0.024000	0.186000	20.180000	0.136435	0.134000	0.029339	0.121000	0.147000	0.083000	0.186000	11.840000	0.194750	0.199000	0.085541	0.145000	0.224000	0.085000	0.340000	5.220000	
76.000000	0.082330	0.080000	0.011711	0.078000	0.084000	0.069000	0.093000	11.660000	0.101338	0.098000	0.014323	0.097000	0.101000	0.093000	0.107000	17.540000	0.071922	0.045000	0.053434	0.033000	0.104000	0.024000	0.206000	19.900000	0.137572	0.134000	0.029131	0.122000	0.148000	0.083000	0.187000	11.800000	0.197643	0.202000	0.089175	0.148000	0.224000	0.092000	0.338000	6.340000	
77.000000	0.083011	0.081000	0.011464	0.079000	0.084000	0.072000	0.091000	16.320000	0.102594	0.100000	0.014256	0.098000	0.103000	0.094000	0.110000	15.860000	0.072769	0.046000	0.053729	0.034000	0.100000	0.025000	0.196000	19.920000	0.138130	0.134000	0.031511	0.122000	0.148000	0.084000	0.187000	11.460000	0.197171	0.202000	0.083706	0.146000	0.225000	0.087000	0.340000	6.080000	
78.000000	0.083395	0.081000	0.009850	0.079000	0.085000	0.070000	0.094000	13.060000	0.102516	0.100000	0.012572	0.098000	0.103000	0.094000	0.110000	15.200000	0.069954	0.045000	0.051413	0.033000	0.089000	0.024000	0.173000	19.940000	0.139145	0.136000	0.029429	0.124000	0.150000	0.085000	0.189000	11.640000	0.198863	0.204000	0.080989	0.149000	0.228000	0.095000	0.346000	6.300000	
79.000000	0.083419	0.082000	0.006664	0.079000	0.085000	0.072000	0.094000	13.220000	0.102598	0.100000	0.008526	0.099000	0.104000	0.094000	0.111000	15.320000	0.073871	0.047000	0.052558	0.035000	0.106000	0.025000	0.211000	19.840000	0.139547	0.137000	0.025263	0.125000	0.151000	0.087000	0.190000	10.980000	0.199397	0.206000	0.077746	0.150000	0.230000	0.088000	0.350000	5.640000	
80.000000	0.083280	0.081000	0.009630	0.079000	0.085000	0.070000	0.094000	13.040000	0.102082	0.099000	0.011165	0.098000	0.103000	0.094000	0.110000	15.340000	0.072625	0.045000	0.053342	0.034000	0.103000	0.024000	0.206000	20.220000	0.140785	0.138000	0.027696	0.126000	0.151000	0.091000	0.188000	12.320000	0.200517	0.206000	0.085877	0.150000	0.230000	0.091000	0.348000	5.400000	
81.000000	0.084130	0.082000	0.009754	0.080000	0.086000	0.072000	0.094000	14.460000	0.103427	0.101000	0.011615	0.099000	0.104000	0.094000	0.111000	15.440000	0.073795	0.047000	0.052983	0.035000	0.098000	0.025000	0.192000	20.460000	0.141674	0.138000	0.028491	0.126000	0.152000	0.088000	0.191000	11.680000	0.203844	0.207000	0.095216	0.148000	0.233000	0.091000	0.359000	5.820000	
82.000000	0.083935	0.082000	0.009193	0.080000	0.086000	0.073000	0.094000	13.720000	0.103736	0.101000	0.010742	0.100000	0.104000	0.095000	0.109000	20.840000	0.071739	0.046000	0.052024	0.034000	0.092000	0.024000	0.179000	20.300000	0.142118	0.139000	0.029003	0.127000	0.153000	0.090000	0.192000	11.000000	0.201700	0.208000	0.079765	0.151000	0.233000	0.091000	0.356000	5.620000	
83.000000	0.084297	0.082000	0.008473	0.080000	0.086000	0.072000	0.094000	15.720000	0.104157	0.102000	0.010041	0.100000	0.105000	0.096000	0.112000	15.860000	0.076387	0.049000	0.054149	0.036000	0.110000	0.025000	0.219000	20.160000	0.142378	0.140000	0.022864	0.128000	0.154000	0.090000	0.193000	11.220000	0.203499	0.209000	0.084024	0.152000	0.234000	0.090000	0.357000	5.820000	
84.000000	0.084254	0.082000	0.010267	0.080000	0.086000	0.072000	0.094000	14.920000	0.104944	0.102000	0.012839	0.101000	0.105000	0.096000	0.110000	20.060000	0.074474	0.046000	0.053650	0.035000	0.105000	0.024000	0.208000	20.320000	0.144228	0.141000	0.027959	0.129000	0.155000	0.091000	0.194000	12.460000	0.207328	0.212000	0.088297	0.155000	0.237000	0.091000	0.357000	6.280000	
85.000000	0.085480	0.083000	0.009522	0.081000	0.087000	0.073000	0.095000	15.680000	0.104826	0.102000	0.011580	0.101000	0.105000	0.096000	0.110000	20.400000	0.075096	0.048000	0.053983	0.036000	0.101000	0.025000	0.198000	19.980000	0.145028	0.142000	0.027682	0.130000	0.156000	0.092000	0.195000	11.480000	0.210624	0.216000	0.092299	0.158000	0.241000	0.092000	0.359000	5.780000	
86.000000	0.085853	0.084000	0.010249	0.081000	0.087000	0.073000	0.095000	16.360000	0.105088	0.102500	0.011953	0.101000	0.105000	0.096000	0.110000	20.540000	0.075828	0.047000	0.055022	0.035000	0.106000	0.024000	0.212000	20.120000	0.146142	0.143000	0.028002	0.131000	0.157000	0.093000	0.196000	11.340000	0.211466	0.215000	0.096991	0.157000	0.240000	0.092000	0.364000	5.980000	
87.000000	0.086216	0.084000	0.010514	0.082000	0.088000	0.074000	0.096000	15.020000	0.106688	0.104000	0.013548	0.102000	0.107000	0.097000	0.114000	16.080000	0.077928	0.049000	0.056459	0.036000	0.109000	0.026000	0.217000	19.880000	0.147423	0.144000	0.037546	0.132000	0.158000	0.095000	0.197000	11.720000	0.211175	0.217000	0.084065	0.159000	0.242000	0.093000	0.365000	6.000000	
88.000000	0.085498	0.084000	0.008294	0.081000	0.087000	0.073000	0.095000	15.580000	0.105684	0.103000	0.009762	0.102000	0.106000	0.097000	0.112000	20.600000	0.077291	0.048000	0.056305	0.036000	0.112000	0.024000	0.224000	20.560000	0.147135	0.144000	0.027143	0.132000	0.158000	0.094000	0.197000	11.700000	0.211332	0.217000	0.088749	0.159000	0.241000	0.109000	0.364000	5.800000	
89.000000	0.086399	0.084000	0.009741	0.082000	0.088000	0.074000	0.096000	15.780000	0.106807	0.104000	0.011803	0.103000	0.107000	0.098000	0.113000	20.100000	0.079384	0.050000	0.056952	0.037000	0.111000	0.027000	0.220000	20.440000	0.148654	0.146000	0.028222	0.133000	0.160000	0.093000	0.200000	10.880000	0.216120	0.221000	0.090543	0.162000	0.247000	0.095000	0.372000	5.720000	
90.000000	0.086541	0.085000	0.009496	0.082000	0.088000	0.075000	0.096000	15.540000	0.106861	0.104000	0.011144	0.103000	0.107000	0.099000	0.113000	21.740000	0.077161	0.048000	0.056797	0.036000	0.106000	0.025000	0.210000	20.500000	0.149245	0.146000	0.027656	0.134000	0.161000	0.094000	0.201000	10.360000	0.213236	0.221000	0.081253	0.160000	0.246000	0.095000	0.375000	5.480000	
91.000000	0.087357	0.085000	0.011616	0.083000	0.089000	0.075000	0.097000	14.840000	0.108109	0.105000	0.014439	0.103000	0.108000	0.099000	0.115000	17.820000	0.080249	0.051000	0.058028	0.037000	0.111000	0.026000	0.222000	20.260000	0.150610	0.147000	0.029500	0.135000	0.161000	0.097000	0.200000	11.720000	0.219044	0.222000	0.108137	0.162000	0.248000	0.111000	0.375000	6.400000	
92.000000	0.086438	0.085000	0.008353	0.082000	0.088000	0.074000	0.096000	15.200000	0.107624	0.105000	0.010460	0.104000	0.108000	0.099000	0.114000	20.380000	0.077439	0.049000	0.055959	0.037000	0.101000	0.026000	0.197000	19.840000	0.150119	0.147000	0.028270	0.135000	0.161000	0.097000	0.200000	11.840000	0.217520	0.223000	0.086688	0.166000	0.249000	0.097000	0.371000	6.640000	
93.000000	0.088070	0.086000	0.011423	0.083000	0.090000	0.075000	0.100000	12.500000	0.109052	0.106000	0.014357	0.104000	0.109000	0.100000	0.116000	18.400000	0.080492	0.050000	0.059461	0.038000	0.110000	0.027000	0.217000	19.760000	0.152094	0.149000	0.033547	0.137000	0.162000	0.100000	0.199000	11.700000	0.216526	0.224000	0.084789	0.161000	0.250000	0.098000	0.383000	5.260000	
94.000000	0.087812	0.086000	0.009470	0.084000	0.090000	0.076000	0.098000	14.220000	0.109271	0.107000	0.011684	0.105000	0.110000	0.100000	0.117000	16.580000	0.079541	0.050000	0.058361	0.037000	0.108000	0.026000	0.214000	19.960000	0.153316	0.149000	0.033808	0.138000	0.164000	0.100000	0.203000	11.840000	0.221118	0.226000	0.099136	0.164000	0.252000	0.099000	0.381000	6.020000	
95.000000	0.088514	0.086000	0.010434	0.084000	0.090000	0.076000	0.098000	15.600000	0.110032	0.107000	0.012143	0.106000	0.110000	0.101000	0.116000	20.960000	0.083617	0.052000	0.060671	0.039000	0.124000	0.027000	0.250000	20.320000	0.154605	0.152000	0.030344	0.139000	0.166000	0.100000	0.206000	11.040000	0.221170	0.227000	0.083812	0.168000	0.254000	0.099000	0.382000	5.680000	
96.000000	0.087885	0.086000	0.008507	0.084000	0.090000	0.076000	0.098000	14.420000	0.109474	0.107000	0.010243	0.105000	0.111000	0.101000	0.120000	15.400000	0.080094	0.050000	0.058185	0.037000	0.112000	0.026000	0.224000	20.360000	0.154348	0.152000	0.028971	0.139000	0.165000	0.103000	0.204000	11.620000	0.223056	0.228000	0.088657	0.171000	0.256000	0.106000	0.383000	5.760000	
97.000000	0.088955	0.087000	0.008257	0.085000	0.091000	0.077000	0.099000	14.740000	0.110323	0.108000	0.010198	0.106000	0.111000	0.101000	0.118000	17.440000	0.083383	0.053000	0.059841	0.039000	0.115000	0.027000	0.228000	19.960000	0.154643	0.152000	0.029070	0.139000	0.166000	0.101000	0.206000	10.740000	0.228443	0.231000	0.105725	0.171000	0.259000	0.101000	0.391000	6.560000	
98.000000	0.089035	0.087000	0.008003	0.085000	0.091000	0.077000	0.099000	15.080000	0.110754	0.108000	0.009670	0.107000	0.112000	0.102000	0.119000	16.000000	0.080922	0.050000	0.058879	0.038000	0.115000	0.027000	0.230000	19.980000	0.155955	0.153000	0.027523	0.141000	0.168000	0.101000	0.208000	10.600000	0.226703	0.231000	0.096682	0.172000	0.258000	0.101000	0.384000	6.020000	
99.000000	0.089800	0.088000	0.011583	0.085000	0.091000	0.077000	0.099000	16.840000	0.111606	0.109000	0.014518	0.107000	0.112000	0.103000	0.119000	16.860000	0.082607	0.052000	0.060513	0.039000	0.109000	0.027000	0.214000	20.160000	0.157991	0.154000	0.033640	0.142000	0.169000	0.103000	0.209000	11.320000	0.230502	0.233000	0.101288	0.174000	0.261000	0.102000	0.391000	6.140000	
100.000000	0.089498	0.087000	0.012063	0.085000	0.091000	0.077000	0.099000	15.160000	0.112058	0.109000	0.014757	0.107000	0.112000	0.103000	0.119000	18.260000	0.083601	0.052000	0.061438	0.038000	0.124000	0.027000	0.249000	20.220000	0.158668	0.155000	0.032931	0.142000	0.170000	0.100000	0.212000	10.900000	0.232929	0.235000	0.109109	0.176000	0.262000	0.119000	0.390000	6.360000	
101.000000	0.089994	0.088000	0.008390	0.086000	0.092000	0.078000	0.101000	15.100000	0.112506	0.110000	0.010309	0.108000	0.113000	0.104000	0.120000	17.960000	0.084286	0.054000	0.060300	0.040000	0.116000	0.026000	0.230000	19.960000	0.158745	0.156000	0.030210	0.144000	0.170000	0.105000	0.209000	11.420000	0.233444	0.236000	0.110002	0.176000	0.264000	0.103000	0.396000	6.000000	
102.000000	0.090621	0.089000	0.010109	0.086000	0.092000	0.078000	0.101000	16.000000	0.113295	0.110000	0.012185	0.109000	0.114000	0.104000	0.121000	17.140000	0.082841	0.052000	0.060429	0.038000	0.115000	0.027000	0.228000	20.180000	0.159080	0.156000	0.029310	0.143000	0.170000	0.104000	0.210000	11.580000	0.230778	0.236000	0.096865	0.172000	0.265000	0.104000	0.404000	5.620000	
103.000000	0.090541	0.089000	0.008253	0.087000	0.093000	0.078000	0.102000	13.520000	0.113310	0.111000	0.010256	0.109000	0.114000	0.105000	0.121000	17.880000	0.086120	0.054000	0.061741	0.040000	0.121000	0.029000	0.242000	20.120000	0.160773	0.158000	0.030123	0.145000	0.173000	0.107000	0.214000	10.520000	0.230038	0.238000	0.088827	0.174000	0.265000	0.105000	0.401000	5.240000	
104.000000	0.090580	0.088000	0.010731	0.086000	0.092000	0.077000	0.101000	15.420000	0.113381	0.110000	0.013901	0.109000	0.114000	0.104000	0.121000	16.040000	0.084544	0.054000	0.061002	0.040000	0.117000	0.027000	0.231000	19.980000	0.161853	0.159000	0.031996	0.146000	0.173000	0.106000	0.213000	11.120000	0.231514	0.235000	0.100316	0.171000	0.266000	0.119000	0.408000	5.800000	
105.000000	0.091323	0.089000	0.008464	0.087000	0.093000	0.078000	0.102000	15.740000	0.114193	0.112000	0.010344	0.110000	0.115000	0.105000	0.122000	18.080000	0.085623	0.054000	0.062370	0.040000	0.116000	0.028000	0.230000	19.820000	0.162343	0.160000	0.031681	0.147000	0.173000	0.108000	0.211000	12.660000	0.233545	0.240000	0.095762	0.176000	0.268000	0.106000	0.406000	5.340000	
106.000000	0.091434	0.089000	0.009920	0.087000	0.093000	0.078000	0.102000	15.240000	0.114219	0.111000	0.012244	0.110000	0.115000	0.105000	0.122000	17.020000	0.084117	0.053000	0.061867	0.039000	0.112000	0.028000	0.221000	19.980000	0.163308	0.161000	0.030607	0.147000	0.175000	0.107000	0.216000	11.280000	0.235215	0.241000	0.103942	0.173000	0.270000	0.106000	0.411000	5.660000	
107.000000	0.092106	0.090000	0.010705	0.088000	0.094000	0.079000	0.103000	14.860000	0.115290	0.112000	0.013497	0.111000	0.116000	0.106000	0.123000	17.080000	0.088846	0.056000	0.064364	0.041000	0.127000	0.029000	0.253000	20.120000	0.164796	0.162000	0.028791	0.149000	0.177000	0.107000	0.218000	11.020000	0.239480	0.242000	0.110636	0.178000	0.272000	0.108000	0.413000	5.700000	
108.000000	0.092204	0.090000	0.013581	0.087000	0.094000	0.078000	0.104000	11.960000	0.115705	0.112000	0.017034	0.111000	0.116000	0.105000	0.123000	17.420000	0.087154	0.055000	0.063610	0.040000	0.123000	0.028000	0.239000	20.220000	0.166060	0.162000	0.035153	0.149000	0.177000	0.109000	0.218000	11.020000	0.244366	0.245000	0.123214	0.179000	0.274000	0.108000	0.416000	6.380000	
109.000000	0.092593	0.091000	0.008955	0.088000	0.095000	0.079000	0.105000	12.020000	0.115569	0.113000	0.010875	0.111000	0.116000	0.107000	0.123000	19.100000	0.088561	0.056000	0.063610	0.041000	0.122000	0.028000	0.241000	19.820000	0.165820	0.163000	0.031757	0.150000	0.177000	0.110000	0.217000	11.080000	0.242291	0.245000	0.112740	0.179000	0.276000	0.109000	0.418000	5.620000	
110.000000	0.092655	0.091000	0.009000	0.088000	0.094000	0.080000	0.103000	16.600000	0.116355	0.114000	0.010598	0.112000	0.117000	0.107000	0.124000	18.180000	0.085365	0.054000	0.061432	0.040000	0.113000	0.028000	0.221000	20.020000	0.166519	0.164000	0.027781	0.151000	0.178000	0.111000	0.218000	11.420000	0.240567	0.246000	0.104034	0.178000	0.277000	0.110000	0.425000	4.920000	
111.000000	0.093204	0.091000	0.009746	0.089000	0.095000	0.081000	0.104000	15.640000	0.116959	0.114000	0.011750	0.112000	0.117000	0.107000	0.124000	18.980000	0.089715	0.056000	0.065493	0.042000	0.121000	0.030000	0.239000	20.500000	0.167720	0.165000	0.030759	0.152000	0.179000	0.113000	0.219000	11.960000	0.243871	0.248000	0.110046	0.181000	0.280000	0.112000	0.428000	5.280000	
112.000000	0.092791	0.091000	0.010571	0.088000	0.095000	0.079000	0.105000	12.300000	0.117119	0.114000	0.013831	0.113000	0.117000	0.109000	0.123000	19.660000	0.088162	0.055000	0.065143	0.040000	0.122000	0.029000	0.245000	20.080000	0.168159	0.165000	0.027997	0.152000	0.180000	0.112000	0.221000	11.660000	0.244115	0.249000	0.099233	0.184000	0.280000	0.111000	0.423000	5.660000	
113.000000	0.094346	0.092000	0.011060	0.090000	0.096000	0.081000	0.105000	15.580000	0.118873	0.115000	0.014454	0.114000	0.119000	0.109000	0.126000	18.400000	0.094112	0.059000	0.068662	0.043000	0.135000	0.031000	0.271000	20.540000	0.170324	0.167000	0.032048	0.154000	0.181000	0.114000	0.221000	11.840000	0.247727	0.251000	0.105433	0.184000	0.282000	0.112000	0.427000	6.520000	
114.000000	0.093979	0.092000	0.009651	0.090000	0.096000	0.081000	0.105000	14.580000	0.118292	0.115000	0.011689	0.114000	0.119000	0.109000	0.126000	18.620000	0.091141	0.056000	0.066401	0.042000	0.137000	0.029000	0.271000	20.500000	0.169784	0.167000	0.027768	0.154000	0.181000	0.114000	0.221000	11.400000	0.248950	0.251000	0.117505	0.184000	0.283000	0.113000	0.431000	6.100000	
115.000000	0.094526	0.092000	0.010608	0.090000	0.096000	0.081000	0.105000	15.700000	0.119342	0.116000	0.013521	0.115000	0.120000	0.110000	0.127000	17.660000	0.092997	0.058000	0.067759	0.043000	0.132000	0.031000	0.265000	19.480000	0.171294	0.168000	0.034018	0.155000	0.182000	0.115000	0.222000	11.880000	0.250635	0.255000	0.111718	0.187000	0.285000	0.114000	0.431000	6.000000	
116.000000	0.094117	0.092000	0.011417	0.089000	0.096000	0.079000	0.106000	12.560000	0.119158	0.116000	0.014535	0.114000	0.119000	0.110000	0.126000	19.960000	0.091237	0.056000	0.067615	0.042000	0.140000	0.031000	0.286000	20.640000	0.172328	0.169000	0.030796	0.157000	0.184000	0.117000	0.224000	10.740000	0.248321	0.253000	0.101486	0.185000	0.287000	0.115000	0.437000	5.300000	
117.000000	0.095280	0.093000	0.010813	0.091000	0.097000	0.082000	0.106000	15.400000	0.119958	0.117000	0.013481	0.115000	0.121000	0.110000	0.129000	16.900000	0.094500	0.059000	0.068665	0.044000	0.135000	0.030000	0.265000	19.880000	0.172934	0.170000	0.033803	0.157000	0.184000	0.117000	0.224000	11.640000	0.255656	0.258000	0.122184	0.190000	0.289000	0.118000	0.437000	6.440000	
118.000000	0.095114	0.093000	0.010334	0.091000	0.097000	0.082000	0.106000	14.680000	0.120414	0.117000	0.013012	0.116000	0.121000	0.111000	0.128000	18.620000	0.091765	0.057000	0.067103	0.042000	0.130000	0.030000	0.251000	20.040000	0.173450	0.170000	0.034306	0.158000	0.184000	0.120000	0.222000	12.640000	0.255346	0.257000	0.122229	0.190000	0.289000	0.115000	0.436000	6.100000	
119.000000	0.096002	0.094000	0.012020	0.091000	0.098000	0.083000	0.108000	12.280000	0.121540	0.118000	0.015132	0.117000	0.122000	0.112000	0.129000	18.220000	0.094422	0.060000	0.069554	0.044000	0.126000	0.031000	0.249000	20.020000	0.176024	0.171000	0.040339	0.159000	0.187000	0.117000	0.228000	11.640000	0.257160	0.259000	0.113830	0.190000	0.294000	0.116000	0.449000	6.100000	
120.000000	0.095221	0.093000	0.010442	0.091000	0.097000	0.083000	0.106000	15.160000	0.121526	0.118000	0.012569	0.117000	0.122000	0.111000	0.129000	18.960000	0.094748	0.059000	0.069401	0.043000	0.136000	0.031000	0.272000	20.120000	0.175852	0.172000	0.031323	0.160000	0.188000	0.119000	0.229000	11.360000	0.258909	0.264000	0.105014	0.197000	0.296000	0.118000	0.443000	6.040000	
121.000000	0.096215	0.094000	0.010000	0.092000	0.098000	0.083000	0.107000	14.820000	0.121559	0.119000	0.012394	0.117000	0.122000	0.112000	0.129000	18.600000	0.094483	0.060000	0.068199	0.045000	0.126000	0.031000	0.246000	20.020000	0.176758	0.173000	0.036264	0.160000	0.188000	0.119000	0.229000	11.380000	0.258777	0.263000	0.110315	0.197000	0.293000	0.119000	0.433000	6.560000	
122.000000	0.096604	0.094000	0.011332	0.092000	0.098000	0.083000	0.107000	16.140000	0.121675	0.119000	0.013828	0.117000	0.122000	0.112000	0.129000	18.860000	0.094223	0.059000	0.069031	0.043000	0.134000	0.030000	0.268000	20.140000	0.177441	0.174000	0.035195	0.161000	0.189000	0.120000	0.230000	10.980000	0.266351	0.265000	0.136657	0.194000	0.299000	0.127000	0.456000	6.160000	
123.000000	0.096925	0.095000	0.009494	0.092000	0.099000	0.083000	0.109000	12.260000	0.122919	0.120000	0.012243	0.118000	0.124000	0.114000	0.133000	18.060000	0.097604	0.061000	0.071610	0.045000	0.133000	0.032000	0.265000	20.340000	0.178054	0.175000	0.027192	0.162000	0.191000	0.119000	0.234000	10.600000	0.264257	0.266000	0.130117	0.195000	0.299000	0.121000	0.454000	5.540000	
124.000000	0.096221	0.094000	0.010143	0.092000	0.098000	0.084000	0.107000	15.740000	0.122291	0.119000	0.012823	0.118000	0.123000	0.113000	0.130000	18.600000	0.095130	0.059000	0.069466	0.044000	0.136000	0.030000	0.271000	20.460000	0.179124	0.177000	0.033282	0.163000	0.191000	0.122000	0.232000	10.140000	0.263211	0.267000	0.117085	0.197000	0.300000	0.119000	0.452000	5.600000	
125.000000	0.097449	0.095000	0.009004	0.093000	0.099000	0.084000	0.108000	14.020000	0.123123	0.120000	0.011820	0.118000	0.124000	0.113000	0.133000	17.260000	0.097787	0.061000	0.070920	0.046000	0.135000	0.032000	0.266000	19.660000	0.180352	0.177000	0.034116	0.164000	0.192000	0.123000	0.233000	11.320000	0.265509	0.269000	0.118122	0.198000	0.302000	0.120000	0.457000	6.420000	
126.000000	0.098184	0.096000	0.012882	0.093000	0.100000	0.084000	0.110000	12.480000	0.124093	0.120000	0.016366	0.119000	0.125000	0.114000	0.134000	17.540000	0.099706	0.063000	0.072365	0.045000	0.150000	0.031000	0.295000	20.260000	0.181733	0.178000	0.031502	0.165000	0.193000	0.124000	0.235000	11.680000	0.267228	0.270000	0.120362	0.200000	0.304000	0.120000	0.459000	6.240000	
127.000000	0.098189	0.096000	0.010488	0.094000	0.100000	0.085000	0.109000	12.800000	0.124139	0.121000	0.014382	0.119000	0.125000	0.114000	0.134000	17.000000	0.102926	0.064000	0.075572	0.047000	0.149000	0.030000	0.299000	20.040000	0.182754	0.179000	0.037271	0.166000	0.194000	0.125000	0.236000	10.700000	0.268039	0.272000	0.118803	0.201000	0.305000	0.122000	0.460000	5.520000	
128.000000	0.099279	0.097000	0.011040	0.094000	0.101000	0.084000	0.111000	13.600000	0.124730	0.121000	0.015107	0.119000	0.125000	0.115000	0.134000	18.480000	0.097590	0.061000	0.071198	0.045000	0.134000	0.031000	0.263000	19.720000	0.182409	0.178000	0.032787	0.166000	0.193000	0.126000	0.233000	12.500000	0.267448	0.271000	0.121477	0.198000	0.304000	0.123000	0.462000	6.340000	
129.000000	0.099899	0.098000	0.011744	0.095000	0.102000	0.086000	0.112000	12.080000	0.125551	0.122000	0.014131	0.121000	0.126000	0.116000	0.133000	18.700000	0.107298	0.067000	0.077505	0.048000	0.178000	0.032000	0.344000	3.540000	0.183702	0.181000	0.029823	0.168000	0.195000	0.129000	0.235000	11.560000	0.271974	0.273000	0.129333	0.203000	0.306000	0.132000	0.455000	5.860000	
130.000000	0.099376	0.097000	0.009812	0.095000	0.101000	0.087000	0.110000	13.740000	0.125582	0.123000	0.011936	0.121000	0.126000	0.116000	0.133000	19.460000	0.099211	0.063000	0.072812	0.046000	0.137000	0.031000	0.272000	20.160000	0.184152	0.181000	0.030798	0.168000	0.196000	0.126000	0.238000	11.200000	0.273243	0.275000	0.125700	0.206000	0.307000	0.124000	0.455000	6.720000	
131.000000	0.099870	0.098000	0.010558	0.095000	0.102000	0.086000	0.112000	12.740000	0.126353	0.123000	0.012996	0.122000	0.127000	0.117000	0.134000	19.040000	0.105938	0.067000	0.077198	0.048000	0.154000	0.034000	0.306000	20.340000	0.185757	0.182000	0.033851	0.169000	0.198000	0.126000	0.241000	10.460000	0.272866	0.275000	0.125495	0.205000	0.308000	0.126000	0.458000	6.360000	
132.000000	0.099192	0.097000	0.011761	0.094000	0.101000	0.084000	0.111000	12.800000	0.126324	0.123000	0.014539	0.121000	0.127000	0.117000	0.136000	18.400000	0.100458	0.062000	0.074735	0.046000	0.138000	0.032000	0.276000	20.280000	0.186409	0.183000	0.035373	0.170000	0.198000	0.129000	0.240000	10.640000	0.272906	0.276000	0.125710	0.204000	0.310000	0.124000	0.469000	6.000000	
133.000000	0.100089	0.098000	0.011428	0.096000	0.102000	0.088000	0.110000	14.800000	0.126856	0.124000	0.013804	0.122000	0.127000	0.117000	0.134000	19.700000	0.103231	0.065000	0.075435	0.048000	0.144000	0.034000	0.285000	20.100000	0.186518	0.183000	0.032627	0.170000	0.197000	0.131000	0.237000	12.580000	0.275532	0.278000	0.122337	0.210000	0.311000	0.127000	0.462000	6.700000	
134.000000	0.100655	0.098000	0.012619	0.096000	0.102000	0.088000	0.110000	16.160000	0.127439	0.124000	0.016234	0.122000	0.128000	0.117000	0.137000	18.120000	0.104794	0.066000	0.076720	0.047000	0.154000	0.033000	0.309000	20.220000	0.189067	0.185000	0.036047	0.171000	0.201000	0.126000	0.246000	10.140000	0.280106	0.281000	0.126378	0.210000	0.317000	0.127000	0.476000	6.280000	
135.000000	0.100495	0.098000	0.010465	0.096000	0.102000	0.088000	0.110000	16.020000	0.128825	0.126000	0.012786	0.124000	0.130000	0.119000	0.139000	18.240000	0.106681	0.067000	0.077820	0.049000	0.155000	0.032000	0.301000	20.460000	0.189330	0.186000	0.035343	0.173000	0.201000	0.131000	0.243000	11.340000	0.280926	0.283000	0.126513	0.215000	0.316000	0.130000	0.466000	6.800000	
136.000000	0.099642	0.097000	0.011092	0.095000	0.101000	0.087000	0.110000	13.100000	0.128527	0.125000	0.014660	0.123000	0.129000	0.118000	0.138000	19.240000	0.100441	0.063000	0.074518	0.046000	0.134000	0.033000	0.265000	20.000000	0.189501	0.186000	0.035503	0.172000	0.201000	0.130000	0.244000	11.480000	0.282985	0.282000	0.139046	0.215000	0.318000	0.128000	0.471000	6.160000	
137.000000	0.101016	0.099000	0.010142	0.096000	0.103000	0.088000	0.113000	13.300000	0.128885	0.126000	0.012869	0.124000	0.130000	0.119000	0.139000	18.240000	0.108096	0.068000	0.077868	0.049000	0.163000	0.034000	0.330000	20.440000	0.191082	0.188000	0.031004	0.175000	0.203000	0.134000	0.245000	12.180000	0.284203	0.285000	0.141069	0.215000	0.318000	0.129000	0.471000	5.980000	
138.000000	0.101441	0.099000	0.009584	0.097000	0.103000	0.089000	0.111000	16.080000	0.129960	0.127000	0.011887	0.125000	0.131000	0.120000	0.140000	18.900000	0.102589	0.064000	0.075339	0.047000	0.144000	0.031000	0.287000	19.620000	0.192928	0.189000	0.039996	0.175000	0.205000	0.130000	0.250000	11.120000	0.286075	0.287000	0.134917	0.215000	0.323000	0.151000	0.484000	6.160000	
139.000000	0.102039	0.100000	0.011096	0.097000	0.104000	0.089000	0.114000	13.260000	0.130447	0.127000	0.014258	0.125000	0.132000	0.120000	0.142000	14.520000	0.108436	0.068000	0.078876	0.050000	0.162000	0.034000	0.324000	20.260000	0.193681	0.190000	0.038252	0.176000	0.205000	0.134000	0.248000	11.520000	0.286294	0.287000	0.137266	0.213000	0.322000	0.130000	0.485000	6.620000	
140.000000	0.101013	0.099000	0.011104	0.096000	0.103000	0.087000	0.113000	12.700000	0.130331	0.127000	0.013729	0.125000	0.131000	0.120000	0.140000	19.360000	0.103673	0.065000	0.076915	0.048000	0.139000	0.033000	0.275000	20.160000	0.194125	0.190000	0.036690	0.177000	0.205000	0.136000	0.247000	12.240000	0.285391	0.289000	0.130524	0.213000	0.323000	0.130000	0.488000	6.380000	
141.000000	0.102188	0.100000	0.008107	0.098000	0.104000	0.090000	0.112000	16.040000	0.130416	0.128000	0.010185	0.126000	0.132000	0.120000	0.141000	18.020000	0.109379	0.068000	0.079974	0.050000	0.158000	0.034000	0.319000	20.180000	0.193165	0.191000	0.028369	0.177000	0.206000	0.136000	0.249000	11.360000	0.285683	0.289000	0.122891	0.213000	0.325000	0.131000	0.492000	6.180000	
142.000000	0.102455	0.100000	0.008724	0.098000	0.105000	0.090000	0.115000	12.120000	0.131801	0.129000	0.011406	0.127000	0.133000	0.122000	0.142000	18.260000	0.105728	0.066000	0.077449	0.049000	0.149000	0.034000	0.298000	20.340000	0.196818	0.193000	0.035033	0.180000	0.209000	0.137000	0.252000	11.800000	0.291482	0.293000	0.140337	0.220000	0.327000	0.133000	0.486000	6.100000	
143.000000	0.103428	0.101000	0.012612	0.099000	0.105000	0.091000	0.113000	16.060000	0.132715	0.129000	0.016123	0.127000	0.133000	0.123000	0.142000	20.200000	0.107487	0.067000	0.079675	0.051000	0.136000	0.035000	0.263000	20.360000	0.195811	0.193000	0.030069	0.179000	0.208000	0.137000	0.251000	11.420000	0.292848	0.294000	0.137032	0.221000	0.329000	0.137000	0.489000	6.380000	
144.000000	0.102485	0.100000	0.010457	0.098000	0.104000	0.090000	0.112000	16.960000	0.132673	0.129000	0.013560	0.128000	0.133000	0.123000	0.140000	19.640000	0.108319	0.068000	0.078686	0.049000	0.160000	0.032000	0.326000	19.880000	0.196715	0.193000	0.030419	0.180000	0.210000	0.135000	0.255000	11.140000	0.295573	0.296000	0.143914	0.219000	0.334000	0.134000	0.503000	5.740000	
145.000000	0.103720	0.102000	0.011219	0.099000	0.106000	0.089000	0.116000	12.480000	0.132939	0.130000	0.014044	0.128000	0.134000	0.123000	0.143000	18.880000	0.115258	0.073000	0.083887	0.052000	0.174000	0.035000	0.347000	20.360000	0.198835	0.196000	0.033116	0.182000	0.211000	0.139000	0.254000	11.620000	0.296354	0.298000	0.136283	0.223000	0.333000	0.135000	0.498000	6.520000	
146.000000	0.104018	0.102000	0.011685	0.099000	0.106000	0.090000	0.116000	13.180000	0.133383	0.130000	0.015039	0.128000	0.134000	0.123000	0.143000	19.280000	0.108022	0.067000	0.080231	0.049000	0.149000	0.034000	0.298000	20.160000	0.199446	0.195000	0.038577	0.182000	0.211000	0.139000	0.254000	11.560000	0.299904	0.299000	0.144945	0.226000	0.335000	0.136000	0.495000	7.180000	
147.000000	0.104269	0.102000	0.010947	0.100000	0.106000	0.092000	0.114000	16.300000	0.134016	0.131000	0.014271	0.129000	0.135000	0.124000	0.144000	18.920000	0.111995	0.070000	0.082236	0.052000	0.154000	0.035000	0.305000	19.840000	0.199869	0.196000	0.036636	0.183000	0.212000	0.142000	0.255000	11.620000	0.299457	0.303000	0.132428	0.230000	0.336000	0.137000	0.491000	6.660000	
148.000000	0.103993	0.101000	0.014067	0.099000	0.105000	0.091000	0.113000	16.600000	0.134957	0.131000	0.018443	0.129000	0.135000	0.125000	0.144000	19.140000	0.109306	0.068000	0.081517	0.049000	0.155000	0.034000	0.313000	20.360000	0.200897	0.196000	0.038033	0.183000	0.212000	0.141000	0.255000	11.960000	0.302092	0.302000	0.139309	0.230000	0.338000	0.145000	0.500000	7.200000	
149.000000	0.105067	0.103000	0.012283	0.100000	0.107000	0.091000	0.117000	13.140000	0.135201	0.132000	0.015819	0.130000	0.136000	0.125000	0.145000	19.820000	0.112741	0.070000	0.083142	0.051000	0.160000	0.034000	0.314000	20.020000	0.201455	0.197000	0.042499	0.184000	0.213000	0.143000	0.256000	11.220000	0.299506	0.302000	0.133790	0.224000	0.339000	0.143000	0.509000	6.120000	
150.000000	0.105325	0.103000	0.012226	0.100000	0.107000	0.092000	0.117000	13.700000	0.135699	0.132000	0.016279	0.130000	0.136000	0.125000	0.145000	19.640000	0.112264	0.070000	0.082672	0.050000	0.173000	0.034000	0.354000	20.360000	0.202980	0.199000	0.039375	0.185000	0.215000	0.140000	0.260000	12.180000	0.302750	0.306000	0.127995	0.232000	0.344000	0.138000	0.510000	6.000000	
