# plotA2a.dat
# Data file for GNUPLOT
# Test A. No. of points
# - A.2. Speed (nPts = 6-150, var = 5, outliers = 0 %)
# - A.2.b. Translation Error (pct)
# nPts  	u-DLT   	m-DLT   	p-DLT   	1q-DLT  	3q-DLT  	mn-DLT  	mx-DLT  	SR-DLT  	u-EPN   	m-EPN   	p-EPN   	1q-EPN  	3q-EPN  	mn-EPN  	mx-EPN  	SR-EPN  	u-POS   	m-POS   	p-POS   	1q-POS  	3q-POS  	mn-POS  	mx-POS  	SR-POS  	u-OI    	m-OI    	p-OI    	1q-OI   	3q-OI   	mn-OI   	mx-OI   	SR-OI   	u-LM    	m-LM    	p-LM    	1q-LM   	3q-LM   	mn-LM   	mx-LM   	SR-LM   	
6.000000	19.102181	10.799681	20.890145	4.387003	25.387033	1.134921	56.791531	14.200000	10.681975	5.293355	14.077242	2.531859	12.535096	0.102739	27.530432	16.000000	14.562386	3.397099	26.104578	2.249544	7.773367	0.363310	16.043025	20.780000	3.269719	2.192426	6.481761	1.680032	3.189760	0.466760	5.452718	13.500000	2.729682	2.060525	4.518928	1.415044	3.020173	0.045570	5.415008	12.580000	
7.000000	10.663587	5.984234	12.394821	2.847354	13.223375	0.940204	28.775485	15.720000	7.380793	4.048072	9.830414	2.110426	8.508076	0.235121	18.099556	14.800000	12.272355	2.742613	24.149609	1.971972	5.255127	0.241984	10.139002	19.360000	2.496875	1.970006	3.786561	1.510291	2.736589	0.268802	4.572469	12.640000	2.187795	1.824143	2.811188	1.234270	2.627041	0.014276	4.706871	13.020000	
8.000000	11.540508	6.917170	12.639128	3.053470	15.051043	0.274200	32.973832	15.100000	9.605042	5.372073	12.255714	2.392332	11.576462	0.088703	25.345186	15.040000	12.540858	3.242962	23.691071	2.046532	6.449484	0.209047	12.970859	19.140000	2.756620	2.082269	3.339671	1.407375	3.242338	0.173904	5.993924	12.520000	2.438911	1.821606	3.365949	1.052775	3.028544	0.034654	5.975893	11.940000	
9.000000	9.054187	5.258376	10.092511	2.608721	11.532046	0.316055	24.879474	15.260000	7.943106	4.434206	10.298238	1.992794	9.628006	0.063458	21.056936	14.760000	11.588844	2.852079	23.180282	1.851498	5.443506	0.180662	10.805304	18.500000	2.391512	1.876004	2.604520	1.286250	2.887451	0.065801	5.288433	12.940000	2.151023	1.664428	3.110631	0.929544	2.729121	0.012406	5.419064	12.060000	
10.000000	7.534623	4.583018	8.564181	2.339189	9.368398	0.290047	19.906096	14.860000	6.820696	3.865248	9.254354	1.765110	8.076305	0.058288	17.539661	14.560000	11.364930	2.481255	23.114810	1.625191	4.766009	0.155108	9.420992	18.340000	2.143598	1.730544	1.804478	1.184873	2.597355	0.079188	4.704483	12.100000	1.990184	1.492465	3.861089	0.833175	2.441273	0.018907	4.853403	11.560000	
11.000000	6.807825	4.023969	7.678612	2.138653	8.535553	0.250990	18.130596	15.120000	6.326482	3.543563	8.673107	1.627190	7.633340	0.107919	16.634663	15.500000	12.041614	2.393239	24.102083	1.542775	4.623429	0.077789	9.191996	18.400000	2.010060	1.592630	1.981323	1.067390	2.484416	0.088863	4.602761	12.960000	1.909334	1.362054	4.370724	0.710488	2.288763	0.004912	4.648886	11.980000	
12.000000	6.714511	4.060513	7.241779	2.145461	8.499847	0.164946	18.023566	14.940000	6.547227	3.664713	8.401527	1.690384	8.029301	0.062386	17.526511	14.680000	11.679410	2.370718	23.593577	1.483976	4.631231	0.097233	9.318976	18.220000	1.999193	1.579043	1.761955	1.008428	2.524473	0.083863	4.782870	12.200000	1.769973	1.338813	2.657718	0.707123	2.265869	0.010361	4.590955	11.840000	
13.000000	6.210876	3.700738	7.000639	2.002201	7.759964	0.114766	16.389199	14.780000	5.871810	3.240836	8.290722	1.488624	7.188769	0.041225	15.733808	14.780000	11.481974	2.141171	23.759493	1.380908	4.002772	0.059792	7.912276	18.060000	1.827959	1.462207	1.547639	0.951645	2.290478	0.070160	4.291441	11.840000	1.762200	1.230717	4.525066	0.632973	2.100366	0.005642	4.296448	11.340000	
14.000000	5.834901	3.525056	6.511495	1.863133	7.406570	0.176921	15.715702	14.820000	5.563657	3.132266	7.384918	1.397932	6.772688	0.104587	14.827094	14.940000	12.024835	2.128630	24.390938	1.328037	3.957570	0.126616	7.889447	18.600000	1.776375	1.384220	2.138336	0.859417	2.235956	0.071098	4.292522	11.780000	1.620856	1.169032	3.761261	0.587470	2.037997	0.018608	4.202529	11.020000	
15.000000	5.542253	3.426834	6.172352	1.823259	6.977411	0.129721	14.704852	14.640000	5.256632	2.978511	7.059240	1.382599	6.468251	0.059482	14.057863	14.880000	11.413554	1.988193	23.653157	1.261620	3.707926	0.091157	7.365100	18.440000	1.647494	1.307453	1.471995	0.822224	2.083827	0.013619	3.975300	11.800000	1.554026	1.078189	4.027308	0.530242	1.898264	0.004849	3.936588	11.140000	
16.000000	5.318869	3.237729	5.848588	1.733048	6.614370	0.192626	13.905081	14.840000	5.265497	2.959805	7.062259	1.335342	6.403232	0.092668	13.982929	15.120000	11.176746	1.900454	23.689601	1.187980	3.543973	0.071157	7.052998	18.140000	1.586879	1.251490	1.400052	0.787169	2.003146	0.035397	3.825318	11.760000	1.495853	1.029306	3.819200	0.540058	1.816894	0.007708	3.725893	11.660000	
17.000000	5.246827	3.163419	5.739001	1.685104	6.668315	0.168890	14.139703	14.580000	5.658197	2.955726	8.096590	1.265892	6.892079	0.097248	15.321335	15.120000	12.168832	1.985573	24.800341	1.208952	3.776820	0.126050	7.545375	18.660000	1.625160	1.250822	1.833767	0.770475	2.072365	0.037415	4.024340	11.820000	1.666087	1.055071	5.286605	0.542351	1.853604	0.003586	3.819546	11.160000	
18.000000	5.055660	3.081046	5.392082	1.650886	6.402937	0.140429	13.486238	14.360000	5.575060	2.958132	7.951548	1.292378	6.756635	0.070380	14.940248	14.400000	11.777113	1.896555	24.490098	1.188496	3.636239	0.111705	7.299016	18.280000	1.650967	1.260754	1.998467	0.773743	2.059240	0.026204	3.983481	12.200000	1.660489	1.069411	5.157639	0.551381	1.815582	0.009561	3.699434	11.320000	
19.000000	4.894914	2.995673	5.251247	1.599712	6.267635	0.142037	13.267354	14.400000	5.159304	2.755719	7.015930	1.198684	6.397540	0.111021	14.188698	14.700000	11.556649	1.811868	24.242955	1.137296	3.401194	0.101197	6.727457	18.580000	1.539922	1.168854	2.279038	0.733524	1.898055	0.029068	3.641390	11.880000	1.461682	0.993174	4.187877	0.515975	1.685905	0.000096	3.436591	11.380000	
20.000000	4.681556	2.816326	5.264197	1.549192	5.799588	0.123668	12.174094	15.540000	5.260830	2.610174	7.790483	1.187337	6.211292	0.072184	13.706280	15.240000	11.761765	1.840825	24.212515	1.134524	3.396847	0.076956	6.737920	18.640000	1.510347	1.171191	1.499821	0.739060	1.910592	0.043053	3.665741	12.240000	1.387176	0.984652	3.584688	0.519767	1.694665	0.003302	3.453387	11.460000	
21.000000	4.510133	2.808696	4.847052	1.490416	5.700060	0.188475	11.993085	14.880000	5.063949	2.572206	7.578353	1.117888	6.016868	0.077539	13.358052	15.140000	11.753498	1.708302	24.292516	1.077808	3.313667	0.054549	6.512705	18.500000	1.421979	1.126766	1.200321	0.680628	1.816004	0.071122	3.510167	11.760000	1.480191	0.941123	5.037872	0.488721	1.622967	0.006211	3.319945	11.360000	
22.000000	4.329833	2.640631	4.647378	1.429482	5.589307	0.110869	11.787635	14.920000	4.879997	2.521915	7.109806	1.095282	5.862015	0.038721	13.001484	14.540000	11.408392	1.660153	24.268932	1.030348	3.018045	0.084125	5.927526	18.180000	1.413937	1.089583	1.545337	0.678401	1.768445	0.051503	3.403182	12.140000	1.373546	0.933089	4.302998	0.481599	1.597912	0.003312	3.272037	11.300000	
23.000000	4.200708	2.566324	4.491481	1.427247	5.272777	0.104555	11.037493	15.060000	4.975105	2.540945	7.208177	1.078595	5.920439	0.075076	13.178154	14.980000	11.467681	1.663526	23.918642	1.048625	3.064514	0.094072	6.088194	18.680000	1.410615	1.087608	1.590493	0.683328	1.759851	0.050329	3.364304	11.580000	1.358322	0.916915	4.227421	0.478073	1.563961	0.003979	3.189769	11.540000	
24.000000	4.266340	2.578463	4.580329	1.372881	5.388344	0.145975	11.395714	14.480000	5.102284	2.572910	7.049010	1.077573	6.346021	0.063048	14.245145	15.200000	11.395632	1.617914	24.522432	0.999449	2.901508	0.132664	5.751364	17.860000	1.375853	1.066818	1.518419	0.649987	1.766213	0.052826	3.433810	12.320000	1.433252	0.898577	5.026373	0.468040	1.547643	0.004461	3.166870	11.740000	
25.000000	4.205068	2.519862	4.723351	1.298916	5.344226	0.050748	11.393724	14.460000	5.041326	2.470429	7.399311	0.997833	6.326603	0.043760	14.305408	14.680000	11.853852	1.599524	24.924373	0.976734	2.997436	0.069723	5.983936	18.400000	1.330416	1.016773	1.830121	0.596267	1.683867	0.051261	3.310110	12.440000	1.482398	0.846718	5.754370	0.439691	1.502233	0.004493	3.082430	11.980000	
26.000000	3.995790	2.373878	4.515111	1.268228	4.996987	0.103656	10.589248	14.120000	4.917746	2.384548	7.439356	0.969921	5.917678	0.058637	13.312344	15.120000	11.375472	1.506916	24.260441	0.934314	2.939611	0.077145	5.932635	18.400000	1.260045	0.986753	0.954081	0.579495	1.661904	0.021622	3.284736	11.860000	1.287105	0.818863	4.582071	0.424288	1.440946	0.007448	2.962646	11.420000	
27.000000	3.935096	2.457977	4.309115	1.261400	5.138292	0.081585	10.942063	14.620000	4.762910	2.435244	6.672168	1.028364	5.949810	0.029467	13.318456	15.160000	11.924625	1.513449	25.064374	0.925030	2.945166	0.034001	5.892305	18.920000	1.288617	0.974645	1.487526	0.584625	1.629498	0.024439	3.192346	12.320000	1.184813	0.822062	3.459737	0.441238	1.410679	0.004967	2.864374	11.780000	
28.000000	3.822858	2.372372	4.096874	1.238282	4.895343	0.096661	10.378397	13.360000	5.114100	2.372703	8.155671	0.945370	6.320042	0.059368	14.370413	14.680000	12.444732	1.559209	25.383001	0.969250	3.021243	0.097160	6.088505	18.960000	1.328344	0.981406	1.826585	0.585866	1.669558	0.040120	3.286971	11.620000	1.348330	0.830762	4.967790	0.424298	1.441523	0.003730	2.947701	10.860000	
29.000000	3.816752	2.306623	4.184379	1.221601	4.894729	0.145874	10.403389	14.000000	4.926707	2.471400	6.665393	0.988226	6.358231	0.037643	14.394075	14.600000	10.953448	1.429696	24.067909	0.901982	2.670747	0.044721	5.310813	18.180000	1.254422	0.965658	1.158477	0.586764	1.631392	0.045479	3.194964	12.880000	1.246615	0.827543	4.133811	0.440375	1.405253	0.001691	2.852499	11.400000	
30.000000	3.665413	2.280788	3.777815	1.200318	4.805107	0.147294	10.204791	14.120000	5.001322	2.417450	7.766954	0.946374	6.138315	0.052510	13.895896	15.180000	11.672351	1.471396	24.552375	0.901624	2.857145	0.091869	5.718318	18.700000	1.237711	0.939221	1.010422	0.578318	1.614773	0.056137	3.157464	12.900000	1.404115	0.794528	5.779961	0.411906	1.413478	0.003083	2.912126	12.560000	
31.000000	3.637776	2.183007	4.037920	1.169083	4.615079	0.079954	9.780207	14.020000	4.802789	2.280019	7.107063	0.907625	6.037563	0.018927	13.707623	15.340000	11.423798	1.424080	24.370912	0.864418	2.722755	0.046370	5.495141	18.500000	1.222844	0.927000	1.473357	0.551164	1.540727	0.043640	3.017102	12.800000	1.243109	0.766951	4.547979	0.404223	1.363970	0.004142	2.794851	12.360000	
32.000000	3.614140	2.226292	3.954629	1.144690	4.547532	0.031971	9.596347	14.620000	4.801794	2.245310	7.494125	0.884115	6.003186	0.028733	13.681272	15.180000	12.247661	1.432822	25.366089	0.864203	2.771038	0.051022	5.454178	19.000000	1.189898	0.913063	1.370918	0.532547	1.531631	0.023235	3.025509	12.520000	1.214076	0.755163	4.654742	0.389021	1.345997	0.000099	2.768575	11.900000	
33.000000	3.505867	2.113396	3.885175	1.129896	4.394440	0.069919	9.263127	14.780000	4.940408	2.234062	7.828580	0.883553	6.109838	0.033931	13.941659	14.860000	11.433114	1.361100	24.580788	0.836417	2.554169	0.072271	5.024855	18.480000	1.192112	0.886070	1.692955	0.534397	1.501109	0.020272	2.949745	12.100000	1.312287	0.730947	5.720178	0.378084	1.290454	0.002698	2.653893	11.400000	
34.000000	3.551518	2.192816	3.816542	1.104083	4.555224	0.064763	9.714088	14.680000	4.949947	2.308411	7.555591	0.896779	6.123199	0.041267	13.946634	15.520000	10.996247	1.360491	24.020150	0.815852	2.525971	0.069618	5.012500	18.480000	1.175543	0.890235	1.221899	0.520500	1.538505	0.035443	3.064445	12.120000	1.221383	0.743226	4.909554	0.383894	1.306686	0.004181	2.687712	12.000000	
35.000000	3.417879	2.090189	3.685741	1.091954	4.412352	0.049759	9.380679	14.360000	4.953556	2.322363	7.671917	0.861729	6.154436	0.007298	14.082278	15.060000	10.937891	1.309568	24.098177	0.811286	2.390302	0.078625	4.644805	17.680000	1.169437	0.882880	1.581864	0.531885	1.512552	0.018655	2.981890	11.760000	1.229349	0.743850	5.136297	0.394567	1.265604	0.003447	2.570542	11.760000	
36.000000	3.404657	2.079841	3.839374	1.091155	4.380624	0.074246	9.298407	13.760000	4.902305	2.328414	7.543600	0.898036	6.039231	0.027933	13.718759	14.600000	11.299774	1.327027	24.046466	0.827941	2.549775	0.047816	5.110917	18.700000	1.173172	0.894095	1.549695	0.533958	1.488313	0.021878	2.919660	12.720000	1.294436	0.728176	5.499355	0.391215	1.273517	0.001443	2.595525	12.500000	
37.000000	3.274995	1.944972	3.601802	1.021100	4.188928	0.088205	8.938262	14.160000	4.847517	2.191437	7.462779	0.820227	6.261808	0.047460	14.410021	15.040000	11.374321	1.299917	24.372738	0.789677	2.475919	0.065714	4.941142	18.460000	1.144360	0.839707	1.815702	0.499324	1.457092	0.021316	2.889738	12.160000	1.172149	0.689520	4.919526	0.369651	1.197786	0.005541	2.438521	12.220000	
38.000000	3.229937	1.969877	3.458925	1.010444	4.137155	0.053753	8.822615	13.940000	4.730517	2.170101	7.259083	0.785265	5.965070	0.039098	13.733340	15.040000	11.839886	1.282897	24.924119	0.778083	2.426572	0.080946	4.884909	18.640000	1.152087	0.844697	2.017609	0.502006	1.430514	0.012099	2.821641	12.280000	1.203624	0.706885	5.343360	0.380622	1.202627	0.003619	2.434720	11.580000	
39.000000	3.253034	1.997208	3.494413	0.997892	4.178819	0.024774	8.945738	13.880000	4.785160	2.315785	7.109033	0.863208	6.252091	0.029041	14.296332	14.360000	11.752351	1.252079	24.849988	0.764811	2.438685	0.052845	4.932440	18.940000	1.101979	0.819939	1.361641	0.481618	1.411003	0.023486	2.804611	11.680000	1.262972	0.691881	5.671799	0.374666	1.186734	0.004753	2.401949	12.120000	
40.000000	3.202485	1.931809	3.553986	1.016411	4.062956	0.046062	8.628384	14.240000	4.881858	2.263170	7.327576	0.815913	6.147170	0.036825	14.109216	14.900000	11.086682	1.276043	24.456194	0.780547	2.349619	0.030950	4.682619	18.440000	1.163221	0.828043	2.214015	0.477503	1.465482	0.019079	2.947193	12.960000	1.275710	0.703312	5.751517	0.372371	1.224020	0.002638	2.500409	12.380000	
41.000000	3.289052	2.043687	3.567026	1.010075	4.239206	0.044741	9.057906	13.960000	4.848111	2.353697	7.164335	0.811546	6.271243	0.035356	14.454271	14.920000	10.877018	1.239760	24.077263	0.745711	2.240593	0.062387	4.408292	17.900000	1.127588	0.843919	1.775804	0.484521	1.452214	0.045374	2.897070	12.380000	1.147093	0.702543	4.740172	0.378341	1.198049	0.002976	2.427273	11.800000	
42.000000	3.179615	1.959318	3.399774	1.005980	4.141130	0.051185	8.840350	14.060000	4.921098	2.219227	7.767573	0.825020	6.305638	0.036103	14.514417	14.320000	11.271466	1.228569	24.371653	0.759245	2.258664	0.029973	4.496209	18.620000	1.103711	0.815108	1.529615	0.491603	1.428087	0.035313	2.830834	12.740000	1.183736	0.692030	5.312175	0.386368	1.152150	0.002138	2.300307	12.440000	
43.000000	3.102571	1.917335	3.458321	0.955850	3.967689	0.077227	8.467400	14.360000	4.859280	2.211628	7.964384	0.814059	6.053694	0.040802	13.910966	14.760000	11.489377	1.224442	24.614845	0.737508	2.276950	0.015339	4.505307	19.080000	1.064305	0.809150	1.256496	0.472930	1.355733	0.017687	2.677893	12.240000	1.244502	0.678639	5.668719	0.386338	1.144835	0.000549	2.278529	11.640000	
44.000000	2.944725	1.875136	3.074775	0.950843	3.774117	0.083276	7.984823	14.180000	4.502995	2.047792	6.489861	0.766888	5.869422	0.023611	13.495002	14.840000	11.516901	1.180604	25.083190	0.724386	2.215779	0.029290	4.402236	18.480000	1.070368	0.781308	1.520764	0.458846	1.341369	0.039477	2.664325	12.920000	1.083590	0.653439	4.703069	0.366878	1.084817	0.003151	2.157990	12.740000	
45.000000	3.016427	1.822594	3.250263	0.937923	3.915452	0.071639	8.361186	14.500000	4.648863	2.047267	7.209390	0.775478	5.975214	0.043553	13.760612	15.140000	11.372788	1.154524	24.677303	0.718361	2.185720	0.059862	4.313387	18.780000	1.036698	0.794399	1.255711	0.466304	1.317984	0.039108	2.593607	12.080000	1.300112	0.654062	6.456245	0.370038	1.084277	0.000676	2.154980	12.160000	
46.000000	2.969475	1.810145	3.136026	0.923677	3.828191	0.041810	8.182145	14.400000	4.561454	2.126728	6.663076	0.771158	5.950228	0.016787	13.714761	15.140000	11.177726	1.162032	24.176560	0.728098	2.177963	0.041778	4.302691	18.660000	1.041453	0.795081	1.445585	0.478770	1.307200	0.028501	2.546729	12.280000	1.173771	0.649313	5.665848	0.387270	1.083589	0.002651	2.122170	11.680000	
47.000000	2.927429	1.784368	3.174837	0.931994	3.674134	0.062206	7.773174	14.700000	4.794736	2.153135	7.385999	0.821651	6.028200	0.036855	13.812386	15.480000	11.282025	1.178869	24.613229	0.729766	2.127580	0.037648	4.211389	18.240000	1.056812	0.809760	1.439185	0.482806	1.346751	0.022966	2.642110	12.520000	1.157599	0.680838	5.137210	0.386156	1.126525	0.000978	2.229831	11.420000	
48.000000	2.893377	1.780599	3.034856	0.929871	3.766728	0.070541	8.017974	13.980000	4.858392	2.212907	7.614316	0.786821	6.135016	0.037290	14.082490	14.880000	11.221350	1.203370	24.075513	0.753169	2.219880	0.023330	4.326065	18.760000	1.087615	0.823527	1.517802	0.493909	1.385021	0.041120	2.718840	12.340000	1.185103	0.694446	5.255307	0.410461	1.121362	0.000759	2.187005	11.800000	
49.000000	2.925824	1.802487	3.149895	0.929913	3.688497	0.084631	7.824056	14.580000	4.939967	2.167363	8.140559	0.788878	6.322395	0.037400	14.606431	14.940000	11.286708	1.168594	24.745072	0.719443	2.124022	0.040899	4.230118	18.220000	1.138910	0.795531	2.741088	0.476668	1.358783	0.020578	2.680329	12.680000	1.310283	0.660091	6.472753	0.388956	1.090662	0.001134	2.142195	12.780000	
50.000000	2.892684	1.740124	3.195235	0.886445	3.686640	0.077136	7.876618	14.400000	4.873349	2.132873	7.625829	0.748710	6.167296	0.040119	14.269545	14.960000	11.793868	1.164313	25.112469	0.705305	2.173437	0.041189	4.350341	18.760000	1.031974	0.767622	1.162151	0.467655	1.356609	0.008854	2.682380	12.520000	1.127220	0.642620	5.330174	0.364122	1.105056	0.002326	2.212012	11.600000	
